initial_branch,trial_id,total_load_shed_frac,max_line_loading_pu,max_voltage_deviation_pu,basic_LLR,basic_LFOR,basic_NVOR,basic_CRI,chain_LLR,chain_LFOR,chain_NVOR,chain_CRI,initial_branch_weight,num_trials_for_initial_branch,sample_weight,sample_weight_source
1,1,0,0.940761541270665,0,0,0,0,0,0,0,0,0,0.0217391304347826,20,0.00108695652173913,uniform_chain_weight
1,2,0,0.940761541270665,0,0,0,0,0,0,0,0,0,0.0217391304347826,20,0.00108695652173913,uniform_chain_weight
1,3,0,0.940761541270665,0,0,0,0,0,0,0,0,0,0.0217391304347826,20,0.00108695652173913,uniform_chain_weight
1,4,0,0.940761541270665,0,0,0,0,0,0,0,0,0,0.0217391304347826,20,0.00108695652173913,uniform_chain_weight
1,5,0,0.940761541270665,0,0,0,0,0,0,0,0,0,0.0217391304347826,20,0.00108695652173913,uniform_chain_weight
1,6,0,0.940761541270665,0,0,0,0,0,0,0,0,0,0.0217391304347826,20,0.00108695652173913,uniform_chain_weight
1,7,0,0.940761541270665,0,0,0,0,0,0,0,0,0,0.0217391304347826,20,0.00108695652173913,uniform_chain_weight
1,8,0,0.940761541270665,0,0,0,0,0,0,0,0,0,0.0217391304347826,20,0.00108695652173913,uniform_chain_weight
1,9,0,0.940761541270665,0,0,0,0,0,0,0,0,0,0.0217391304347826,20,0.00108695652173913,uniform_chain_weight
1,10,0,0.940761541270665,0,0,0,0,0,0,0,0,0,0.0217391304347826,20,0.00108695652173913,uniform_chain_weight
1,11,0,0.940761541270665,0,0,0,0,0,0,0,0,0,0.0217391304347826,20,0.00108695652173913,uniform_chain_weight
1,12,0,0.940761541270665,0,0,0,0,0,0,0,0,0,0.0217391304347826,20,0.00108695652173913,uniform_chain_weight
1,13,0,0.940761541270665,0,0,0,0,0,0,0,0,0,0.0217391304347826,20,0.00108695652173913,uniform_chain_weight
1,14,0.136307746916887,1.24605997942469,0,0.136307746916887,0.24605997942469,0,0.13099664403507,0.136307746916887,0.24605997942469,0,0.13099664403507,0.0217391304347826,20,0.00108695652173913,uniform_chain_weight
1,15,0,0.940761541270665,0,0,0,0,0,0,0,0,0,0.0217391304347826,20,0.00108695652173913,uniform_chain_weight
1,16,0,0.940761541270665,0,0,0,0,0,0,0,0,0,0.0217391304347826,20,0.00108695652173913,uniform_chain_weight
1,17,0,0.940761541270665,0,0,0,0,0,0,0,0,0,0.0217391304347826,20,0.00108695652173913,uniform_chain_weight
1,18,0,0.940761541270665,0,0,0,0,0,0,0,0,0,0.0217391304347826,20,0.00108695652173913,uniform_chain_weight
1,19,0,0.940761541270665,0,0,0,0,0,0,0,0,0,0.0217391304347826,20,0.00108695652173913,uniform_chain_weight
1,20,0,0.940761541270665,0,0,0,0,0,0,0,0,0,0.0217391304347826,20,0.00108695652173913,uniform_chain_weight
2,1,0,0.785654242516885,0,0,0,0,0,0,0,0,0,0.0217391304347826,20,0.00108695652173913,uniform_chain_weight
2,2,0,0.785654242516885,0,0,0,0,0,0,0,0,0,0.0217391304347826,20,0.00108695652173913,uniform_chain_weight
2,3,0,0.785654242516885,0,0,0,0,0,0,0,0,0,0.0217391304347826,20,0.00108695652173913,uniform_chain_weight
2,4,0,0.785654242516885,0,0,0,0,0,0,0,0,0,0.0217391304347826,20,0.00108695652173913,uniform_chain_weight
2,5,0,0.785654242516885,0,0,0,0,0,0,0,0,0,0.0217391304347826,20,0.00108695652173913,uniform_chain_weight
2,6,0,0.785654242516885,0,0,0,0,0,0,0,0,0,0.0217391304347826,20,0.00108695652173913,uniform_chain_weight
2,7,0,0.785654242516885,0,0,0,0,0,0,0,0,0,0.0217391304347826,20,0.00108695652173913,uniform_chain_weight
2,8,0,0.785654242516885,0,0,0,0,0,0,0,0,0,0.0217391304347826,20,0.00108695652173913,uniform_chain_weight
2,9,0,0.785654242516885,0,0,0,0,0,0,0,0,0,0.0217391304347826,20,0.00108695652173913,uniform_chain_weight
2,10,0,0.785654242516885,0,0,0,0,0,0,0,0,0,0.0217391304347826,20,0.00108695652173913,uniform_chain_weight
2,11,0,0.785654242516885,0,0,0,0,0,0,0,0,0,0.0217391304347826,20,0.00108695652173913,uniform_chain_weight
2,12,0,0.785654242516885,0,0,0,0,0,0,0,0,0,0.0217391304347826,20,0.00108695652173913,uniform_chain_weight
2,13,0,0.785654242516885,0,0,0,0,0,0,0,0,0,0.0217391304347826,20,0.00108695652173913,uniform_chain_weight
2,14,0,0.785654242516885,0,0,0,0,0,0,0,0,0,0.0217391304347826,20,0.00108695652173913,uniform_chain_weight
2,15,0,0.785654242516885,0,0,0,0,0,0,0,0,0,0.0217391304347826,20,0.00108695652173913,uniform_chain_weight
2,16,0,0.785654242516885,0,0,0,0,0,0,0,0,0,0.0217391304347826,20,0.00108695652173913,uniform_chain_weight
2,17,0,0.785654242516885,0,0,0,0,0,0,0,0,0,0.0217391304347826,20,0.00108695652173913,uniform_chain_weight
2,18,0,0.785654242516885,0,0,0,0,0,0,0,0,0,0.0217391304347826,20,0.00108695652173913,uniform_chain_weight
2,19,0,0.785654242516885,0,0,0,0,0,0,0,0,0,0.0217391304347826,20,0.00108695652173913,uniform_chain_weight
2,20,0,0.785654242516885,0,0,0,0,0,0,0,0,0,0.0217391304347826,20,0.00108695652173913,uniform_chain_weight
3,1,0,0.786162063473916,0,0,0,0,0,0,0,0,0,0.0217391304347826,20,0.00108695652173913,uniform_chain_weight
3,2,0,0.786162063473916,0,0,0,0,0,0,0,0,0,0.0217391304347826,20,0.00108695652173913,uniform_chain_weight
3,3,0,0.786162063473916,0,0,0,0,0,0,0,0,0,0.0217391304347826,20,0.00108695652173913,uniform_chain_weight
3,4,0,0.786162063473916,0,0,0,0,0,0,0,0,0,0.0217391304347826,20,0.00108695652173913,uniform_chain_weight
3,5,0,0.786162063473916,0,0,0,0,0,0,0,0,0,0.0217391304347826,20,0.00108695652173913,uniform_chain_weight
3,6,0,0.786162063473916,0,0,0,0,0,0,0,0,0,0.0217391304347826,20,0.00108695652173913,uniform_chain_weight
3,7,0,0.786162063473916,0,0,0,0,0,0,0,0,0,0.0217391304347826,20,0.00108695652173913,uniform_chain_weight
3,8,0,0.786162063473916,0,0,0,0,0,0,0,0,0,0.0217391304347826,20,0.00108695652173913,uniform_chain_weight
3,9,0,0.786162063473916,0,0,0,0,0,0,0,0,0,0.0217391304347826,20,0.00108695652173913,uniform_chain_weight
3,10,0,0.786162063473916,0,0,0,0,0,0,0,0,0,0.0217391304347826,20,0.00108695652173913,uniform_chain_weight
3,11,0,0.786162063473916,0,0,0,0,0,0,0,0,0,0.0217391304347826,20,0.00108695652173913,uniform_chain_weight
3,12,0,0.786162063473916,0,0,0,0,0,0,0,0,0,0.0217391304347826,20,0.00108695652173913,uniform_chain_weight
3,13,0,0.786162063473916,0,0,0,0,0,0,0,0,0,0.0217391304347826,20,0.00108695652173913,uniform_chain_weight
3,14,0,0.786162063473916,0,0,0,0,0,0,0,0,0,0.0217391304347826,20,0.00108695652173913,uniform_chain_weight
3,15,0,0.786162063473916,0,0,0,0,0,0,0,0,0,0.0217391304347826,20,0.00108695652173913,uniform_chain_weight
3,16,0,0.786162063473916,0,0,0,0,0,0,0,0,0,0.0217391304347826,20,0.00108695652173913,uniform_chain_weight
3,17,0,0.786162063473916,0,0,0,0,0,0,0,0,0,0.0217391304347826,20,0.00108695652173913,uniform_chain_weight
3,18,0,0.786162063473916,0,0,0,0,0,0,0,0,0,0.0217391304347826,20,0.00108695652173913,uniform_chain_weight
3,19,0,0.786162063473916,0,0,0,0,0,0,0,0,0,0.0217391304347826,20,0.00108695652173913,uniform_chain_weight
3,20,0,0.786162063473916,0,0,0,0,0,0,0,0,0,0.0217391304347826,20,0.00108695652173913,uniform_chain_weight
4,1,0,0.841815582605276,0,0,0,0,0,0,0,0,0,0.0217391304347826,20,0.00108695652173913,uniform_chain_weight
4,2,0,0.841815582605276,0,0,0,0,0,0,0,0,0,0.0217391304347826,20,0.00108695652173913,uniform_chain_weight
4,3,0,0.841815582605276,0,0,0,0,0,0,0,0,0,0.0217391304347826,20,0.00108695652173913,uniform_chain_weight
4,4,0,0.841815582605276,0,0,0,0,0,0,0,0,0,0.0217391304347826,20,0.00108695652173913,uniform_chain_weight
4,5,0,0.841815582605276,0,0,0,0,0,0,0,0,0,0.0217391304347826,20,0.00108695652173913,uniform_chain_weight
4,6,0,0.841815582605276,0,0,0,0,0,0,0,0,0,0.0217391304347826,20,0.00108695652173913,uniform_chain_weight
4,7,0,0.841815582605276,0,0,0,0,0,0,0,0,0,0.0217391304347826,20,0.00108695652173913,uniform_chain_weight
4,8,0,0.841815582605276,0,0,0,0,0,0,0,0,0,0.0217391304347826,20,0.00108695652173913,uniform_chain_weight
4,9,0,0.841815582605276,0,0,0,0,0,0,0,0,0,0.0217391304347826,20,0.00108695652173913,uniform_chain_weight
4,10,0,0.841815582605276,0,0,0,0,0,0,0,0,0,0.0217391304347826,20,0.00108695652173913,uniform_chain_weight
4,11,0,0.841815582605276,0,0,0,0,0,0,0,0,0,0.0217391304347826,20,0.00108695652173913,uniform_chain_weight
4,12,0,0.841815582605276,0,0,0,0,0,0,0,0,0,0.0217391304347826,20,0.00108695652173913,uniform_chain_weight
4,13,0,0.841815582605276,0,0,0,0,0,0,0,0,0,0.0217391304347826,20,0.00108695652173913,uniform_chain_weight
4,14,0,0.841815582605276,0,0,0,0,0,0,0,0,0,0.0217391304347826,20,0.00108695652173913,uniform_chain_weight
4,15,0,0.841815582605276,0,0,0,0,0,0,0,0,0,0.0217391304347826,20,0.00108695652173913,uniform_chain_weight
4,16,0,0.841815582605276,0,0,0,0,0,0,0,0,0,0.0217391304347826,20,0.00108695652173913,uniform_chain_weight
4,17,0,0.841815582605276,0,0,0,0,0,0,0,0,0,0.0217391304347826,20,0.00108695652173913,uniform_chain_weight
4,18,0,0.841815582605276,0,0,0,0,0,0,0,0,0,0.0217391304347826,20,0.00108695652173913,uniform_chain_weight
4,19,0,0.841815582605276,0,0,0,0,0,0,0,0,0,0.0217391304347826,20,0.00108695652173913,uniform_chain_weight
4,20,0,0.841815582605276,0,0,0,0,0,0,0,0,0,0.0217391304347826,20,0.00108695652173913,uniform_chain_weight
5,1,0,0.770529309958467,0,0,0,0,0,0,0,0,0,0.0217391304347826,20,0.00108695652173913,uniform_chain_weight
5,2,0,0.770529309958467,0,0,0,0,0,0,0,0,0,0.0217391304347826,20,0.00108695652173913,uniform_chain_weight
5,3,0,0.770529309958467,0,0,0,0,0,0,0,0,0,0.0217391304347826,20,0.00108695652173913,uniform_chain_weight
5,4,0,0.770529309958467,0,0,0,0,0,0,0,0,0,0.0217391304347826,20,0.00108695652173913,uniform_chain_weight
5,5,0,0.770529309958467,0,0,0,0,0,0,0,0,0,0.0217391304347826,20,0.00108695652173913,uniform_chain_weight
5,6,0,0.770529309958467,0,0,0,0,0,0,0,0,0,0.0217391304347826,20,0.00108695652173913,uniform_chain_weight
5,7,0,0.770529309958467,0,0,0,0,0,0,0,0,0,0.0217391304347826,20,0.00108695652173913,uniform_chain_weight
5,8,0,0.770529309958467,0,0,0,0,0,0,0,0,0,0.0217391304347826,20,0.00108695652173913,uniform_chain_weight
5,9,0,0.770529309958467,0,0,0,0,0,0,0,0,0,0.0217391304347826,20,0.00108695652173913,uniform_chain_weight
5,10,0,0.770529309958467,0,0,0,0,0,0,0,0,0,0.0217391304347826,20,0.00108695652173913,uniform_chain_weight
5,11,0,0.770529309958467,0,0,0,0,0,0,0,0,0,0.0217391304347826,20,0.00108695652173913,uniform_chain_weight
5,12,0,0.770529309958467,0,0,0,0,0,0,0,0,0,0.0217391304347826,20,0.00108695652173913,uniform_chain_weight
5,13,0,0.770529309958467,0,0,0,0,0,0,0,0,0,0.0217391304347826,20,0.00108695652173913,uniform_chain_weight
5,14,0,0.770529309958467,0,0,0,0,0,0,0,0,0,0.0217391304347826,20,0.00108695652173913,uniform_chain_weight
5,15,0,0.770529309958467,0,0,0,0,0,0,0,0,0,0.0217391304347826,20,0.00108695652173913,uniform_chain_weight
5,16,0,0.770529309958467,0,0,0,0,0,0,0,0,0,0.0217391304347826,20,0.00108695652173913,uniform_chain_weight
5,17,0,0.770529309958467,0,0,0,0,0,0,0,0,0,0.0217391304347826,20,0.00108695652173913,uniform_chain_weight
5,18,0,0.770529309958467,0,0,0,0,0,0,0,0,0,0.0217391304347826,20,0.00108695652173913,uniform_chain_weight
5,19,0,0.770529309958467,0,0,0,0,0,0,0,0,0,0.0217391304347826,20,0.00108695652173913,uniform_chain_weight
5,20,0,0.770529309958467,0,0,0,0,0,0,0,0,0,0.0217391304347826,20,0.00108695652173913,uniform_chain_weight
6,1,0,0.775386838260116,0,0,0,0,0,0,0,0,0,0.0217391304347826,20,0.00108695652173913,uniform_chain_weight
6,2,0,0.775386838260116,0,0,0,0,0,0,0,0,0,0.0217391304347826,20,0.00108695652173913,uniform_chain_weight
6,3,0,0.775386838260116,0,0,0,0,0,0,0,0,0,0.0217391304347826,20,0.00108695652173913,uniform_chain_weight
6,4,0,0.775386838260116,0,0,0,0,0,0,0,0,0,0.0217391304347826,20,0.00108695652173913,uniform_chain_weight
6,5,0,0.775386838260116,0,0,0,0,0,0,0,0,0,0.0217391304347826,20,0.00108695652173913,uniform_chain_weight
6,6,0,0.775386838260116,0,0,0,0,0,0,0,0,0,0.0217391304347826,20,0.00108695652173913,uniform_chain_weight
6,7,0,0.775386838260116,0,0,0,0,0,0,0,0,0,0.0217391304347826,20,0.00108695652173913,uniform_chain_weight
6,8,0,0.775386838260116,0,0,0,0,0,0,0,0,0,0.0217391304347826,20,0.00108695652173913,uniform_chain_weight
6,9,0,0.775386838260116,0,0,0,0,0,0,0,0,0,0.0217391304347826,20,0.00108695652173913,uniform_chain_weight
6,10,0,0.775386838260116,0,0,0,0,0,0,0,0,0,0.0217391304347826,20,0.00108695652173913,uniform_chain_weight
6,11,0,0.775386838260116,0,0,0,0,0,0,0,0,0,0.0217391304347826,20,0.00108695652173913,uniform_chain_weight
6,12,0,0.775386838260116,0,0,0,0,0,0,0,0,0,0.0217391304347826,20,0.00108695652173913,uniform_chain_weight
6,13,0,0.775386838260116,0,0,0,0,0,0,0,0,0,0.0217391304347826,20,0.00108695652173913,uniform_chain_weight
6,14,0,0.775386838260116,0,0,0,0,0,0,0,0,0,0.0217391304347826,20,0.00108695652173913,uniform_chain_weight
6,15,0,0.775386838260116,0,0,0,0,0,0,0,0,0,0.0217391304347826,20,0.00108695652173913,uniform_chain_weight
6,16,0,0.775386838260116,0,0,0,0,0,0,0,0,0,0.0217391304347826,20,0.00108695652173913,uniform_chain_weight
6,17,0,0.775386838260116,0,0,0,0,0,0,0,0,0,0.0217391304347826,20,0.00108695652173913,uniform_chain_weight
6,18,0,0.775386838260116,0,0,0,0,0,0,0,0,0,0.0217391304347826,20,0.00108695652173913,uniform_chain_weight
6,19,0,0.775386838260116,0,0,0,0,0,0,0,0,0,0.0217391304347826,20,0.00108695652173913,uniform_chain_weight
6,20,0,0.775386838260116,0,0,0,0,0,0,0,0,0,0.0217391304347826,20,0.00108695652173913,uniform_chain_weight
7,1,0,0.764008755373332,0,0,0,0,0,0,0,0,0,0.0217391304347826,20,0.00108695652173913,uniform_chain_weight
7,2,0,0.764008755373332,0,0,0,0,0,0,0,0,0,0.0217391304347826,20,0.00108695652173913,uniform_chain_weight
7,3,0,0.764008755373332,0,0,0,0,0,0,0,0,0,0.0217391304347826,20,0.00108695652173913,uniform_chain_weight
7,4,0,0.764008755373332,0,0,0,0,0,0,0,0,0,0.0217391304347826,20,0.00108695652173913,uniform_chain_weight
7,5,0,0.764008755373332,0,0,0,0,0,0,0,0,0,0.0217391304347826,20,0.00108695652173913,uniform_chain_weight
7,6,0,0.764008755373332,0,0,0,0,0,0,0,0,0,0.0217391304347826,20,0.00108695652173913,uniform_chain_weight
7,7,0,0.764008755373332,0,0,0,0,0,0,0,0,0,0.0217391304347826,20,0.00108695652173913,uniform_chain_weight
7,8,0,0.764008755373332,0,0,0,0,0,0,0,0,0,0.0217391304347826,20,0.00108695652173913,uniform_chain_weight
7,9,0,0.764008755373332,0,0,0,0,0,0,0,0,0,0.0217391304347826,20,0.00108695652173913,uniform_chain_weight
7,10,0,0.764008755373332,0,0,0,0,0,0,0,0,0,0.0217391304347826,20,0.00108695652173913,uniform_chain_weight
7,11,0,0.764008755373332,0,0,0,0,0,0,0,0,0,0.0217391304347826,20,0.00108695652173913,uniform_chain_weight
7,12,0,0.764008755373332,0,0,0,0,0,0,0,0,0,0.0217391304347826,20,0.00108695652173913,uniform_chain_weight
7,13,0,0.764008755373332,0,0,0,0,0,0,0,0,0,0.0217391304347826,20,0.00108695652173913,uniform_chain_weight
7,14,0,0.764008755373332,0,0,0,0,0,0,0,0,0,0.0217391304347826,20,0.00108695652173913,uniform_chain_weight
7,15,0,0.764008755373332,0,0,0,0,0,0,0,0,0,0.0217391304347826,20,0.00108695652173913,uniform_chain_weight
7,16,0,0.764008755373332,0,0,0,0,0,0,0,0,0,0.0217391304347826,20,0.00108695652173913,uniform_chain_weight
7,17,0,0.764008755373332,0,0,0,0,0,0,0,0,0,0.0217391304347826,20,0.00108695652173913,uniform_chain_weight
7,18,0,0.764008755373332,0,0,0,0,0,0,0,0,0,0.0217391304347826,20,0.00108695652173913,uniform_chain_weight
7,19,0,0.764008755373332,0,0,0,0,0,0,0,0,0,0.0217391304347826,20,0.00108695652173913,uniform_chain_weight
7,20,0,0.764008755373332,0,0,0,0,0,0,0,0,0,0.0217391304347826,20,0.00108695652173913,uniform_chain_weight
8,1,0,0.832661943655991,0,0,0,0,0,0,0,0,0,0.0217391304347826,20,0.00108695652173913,uniform_chain_weight
8,2,0,0.832661943655991,0,0,0,0,0,0,0,0,0,0.0217391304347826,20,0.00108695652173913,uniform_chain_weight
8,3,0,0.832661943655991,0,0,0,0,0,0,0,0,0,0.0217391304347826,20,0.00108695652173913,uniform_chain_weight
8,4,0,0.832661943655991,0,0,0,0,0,0,0,0,0,0.0217391304347826,20,0.00108695652173913,uniform_chain_weight
8,5,0,0.832661943655991,0,0,0,0,0,0,0,0,0,0.0217391304347826,20,0.00108695652173913,uniform_chain_weight
8,6,0,0.832661943655991,0,0,0,0,0,0,0,0,0,0.0217391304347826,20,0.00108695652173913,uniform_chain_weight
8,7,0,0.832661943655991,0,0,0,0,0,0,0,0,0,0.0217391304347826,20,0.00108695652173913,uniform_chain_weight
8,8,0,0.832661943655991,0,0,0,0,0,0,0,0,0,0.0217391304347826,20,0.00108695652173913,uniform_chain_weight
8,9,0,0.832661943655991,0,0,0,0,0,0,0,0,0,0.0217391304347826,20,0.00108695652173913,uniform_chain_weight
8,10,0,0.832661943655991,0,0,0,0,0,0,0,0,0,0.0217391304347826,20,0.00108695652173913,uniform_chain_weight
8,11,0,0.832661943655991,0,0,0,0,0,0,0,0,0,0.0217391304347826,20,0.00108695652173913,uniform_chain_weight
8,12,0,0.832661943655991,0,0,0,0,0,0,0,0,0,0.0217391304347826,20,0.00108695652173913,uniform_chain_weight
8,13,0,0.832661943655991,0,0,0,0,0,0,0,0,0,0.0217391304347826,20,0.00108695652173913,uniform_chain_weight
8,14,0,0.832661943655991,0,0,0,0,0,0,0,0,0,0.0217391304347826,20,0.00108695652173913,uniform_chain_weight
8,15,0,0.832661943655991,0,0,0,0,0,0,0,0,0,0.0217391304347826,20,0.00108695652173913,uniform_chain_weight
8,16,0,0.832661943655991,0,0,0,0,0,0,0,0,0,0.0217391304347826,20,0.00108695652173913,uniform_chain_weight
8,17,0,0.832661943655991,0,0,0,0,0,0,0,0,0,0.0217391304347826,20,0.00108695652173913,uniform_chain_weight
8,18,0,0.832661943655991,0,0,0,0,0,0,0,0,0,0.0217391304347826,20,0.00108695652173913,uniform_chain_weight
8,19,0,0.832661943655991,0,0,0,0,0,0,0,0,0,0.0217391304347826,20,0.00108695652173913,uniform_chain_weight
8,20,0,0.832661943655991,0,0,0,0,0,0,0,0,0,0.0217391304347826,20,0.00108695652173913,uniform_chain_weight
9,1,0,1.04151594269355,0,0,0.0415159426935501,0,0.00830318853871002,0,0.0415159426935501,0,0.00830318853871002,0.0217391304347826,20,0.00108695652173913,uniform_chain_weight
9,2,0.346586230439239,1.33670137115618,0.120597358765854,0.346586230439239,0.33670137115618,0.120597358765854,0.29941148424795,0.346586230439239,0.33670137115618,0.120597358765854,0.29941148424795,0.0217391304347826,20,0.00108695652173913,uniform_chain_weight
9,3,0,1.04151594269355,0,0,0.0415159426935501,0,0.00830318853871002,0,0.0415159426935501,0,0.00830318853871002,0.0217391304347826,20,0.00108695652173913,uniform_chain_weight
9,4,0.346586230439239,1.33670137115618,0,0.346586230439239,0.33670137115618,0,0.275292012494779,0.346586230439239,0.33670137115618,0,0.275292012494779,0.0217391304347826,20,0.00108695652173913,uniform_chain_weight
9,5,0,1.04151594269355,0,0,0.0415159426935501,0,0.00830318853871002,0,0.0415159426935501,0,0.00830318853871002,0.0217391304347826,20,0.00108695652173913,uniform_chain_weight
9,6,0,1.04151594269355,0,0,0.0415159426935501,0,0.00830318853871002,0,0.0415159426935501,0,0.00830318853871002,0.0217391304347826,20,0.00108695652173913,uniform_chain_weight
9,7,0.346586230439239,1.33670137115618,0,0.346586230439239,0.33670137115618,0,0.275292012494779,0.346586230439239,0.33670137115618,0,0.275292012494779,0.0217391304347826,20,0.00108695652173913,uniform_chain_weight
9,8,0,1.04151594269355,0,0,0.0415159426935501,0,0.00830318853871002,0,0.0415159426935501,0,0.00830318853871002,0.0217391304347826,20,0.00108695652173913,uniform_chain_weight
9,9,0.346586230439239,1.33617979990917,0,0.346586230439239,0.33617979990917,0,0.275187698245377,0.346586230439239,0.33617979990917,0,0.275187698245377,0.0217391304347826,20,0.00108695652173913,uniform_chain_weight
9,10,0,1.04151594269355,0,0,0.0415159426935501,0,0.00830318853871002,0,0.0415159426935501,0,0.00830318853871002,0.0217391304347826,20,0.00108695652173913,uniform_chain_weight
9,11,0,1.04151594269355,0,0,0.0415159426935501,0,0.00830318853871002,0,0.0415159426935501,0,0.00830318853871002,0.0217391304347826,20,0.00108695652173913,uniform_chain_weight
9,12,0,1.04151594269355,0,0,0.0415159426935501,0,0.00830318853871002,0,0.0415159426935501,0,0.00830318853871002,0.0217391304347826,20,0.00108695652173913,uniform_chain_weight
9,13,0,1.04151594269355,0,0,0.0415159426935501,0,0.00830318853871002,0,0.0415159426935501,0,0.00830318853871002,0.0217391304347826,20,0.00108695652173913,uniform_chain_weight
9,14,0,1.04151594269355,0,0,0.0415159426935501,0,0.00830318853871002,0,0.0415159426935501,0,0.00830318853871002,0.0217391304347826,20,0.00108695652173913,uniform_chain_weight
9,15,0.346586230439239,1.33670137115618,0,0.346586230439239,0.33670137115618,0,0.275292012494779,0.346586230439239,0.33670137115618,0,0.275292012494779,0.0217391304347826,20,0.00108695652173913,uniform_chain_weight
9,16,0,1.04151594269355,0,0,0.0415159426935501,0,0.00830318853871002,0,0.0415159426935501,0,0.00830318853871002,0.0217391304347826,20,0.00108695652173913,uniform_chain_weight
9,17,0,1.04151594269355,0,0,0.0415159426935501,0,0.00830318853871002,0,0.0415159426935501,0,0.00830318853871002,0.0217391304347826,20,0.00108695652173913,uniform_chain_weight
9,18,0.346586230439239,1.33670137115618,0,0.346586230439239,0.33670137115618,0,0.275292012494779,0.346586230439239,0.33670137115618,0,0.275292012494779,0.0217391304347826,20,0.00108695652173913,uniform_chain_weight
9,19,0.346586230439239,1.33670137115618,0,0.346586230439239,0.33670137115618,0,0.275292012494779,0.346586230439239,0.33670137115618,0,0.275292012494779,0.0217391304347826,20,0.00108695652173913,uniform_chain_weight
9,20,0,1.04151594269355,0,0,0.0415159426935501,0,0.00830318853871002,0,0.0415159426935501,0,0.00830318853871002,0.0217391304347826,20,0.00108695652173913,uniform_chain_weight
10,1,0.738018349181274,2.30617469637903,0.0910217149232924,0.738018349181274,1.30617469637903,0.0910217149232924,0.722250291769229,0.738018349181274,1.30617469637903,0.0910217149232924,0.722250291769229,0.0217391304347826,20,0.00108695652173913,uniform_chain_weight
10,2,0,0.919475568243766,0,0,0,0,0,0,0,0,0,0.0217391304347826,20,0.00108695652173913,uniform_chain_weight
10,3,0,0.919475568243766,0,0,0,0,0,0,0,0,0,0.0217391304347826,20,0.00108695652173913,uniform_chain_weight
10,4,0,0.919475568243766,0,0,0,0,0,0,0,0,0,0.0217391304347826,20,0.00108695652173913,uniform_chain_weight
10,5,0,0.919475568243766,0,0,0,0,0,0,0,0,0,0.0217391304347826,20,0.00108695652173913,uniform_chain_weight
10,6,0,0.919475568243766,0,0,0,0,0,0,0,0,0,0.0217391304347826,20,0.00108695652173913,uniform_chain_weight
10,7,0,0.919475568243766,0,0,0,0,0,0,0,0,0,0.0217391304347826,20,0.00108695652173913,uniform_chain_weight
10,8,0,0.919475568243766,0,0,0,0,0,0,0,0,0,0.0217391304347826,20,0.00108695652173913,uniform_chain_weight
10,9,0,0.919475568243766,0,0,0,0,0,0,0,0,0,0.0217391304347826,20,0.00108695652173913,uniform_chain_weight
10,10,0,0.919475568243766,0,0,0,0,0,0,0,0,0,0.0217391304347826,20,0.00108695652173913,uniform_chain_weight
10,11,0,0.919475568243766,0,0,0,0,0,0,0,0,0,0.0217391304347826,20,0.00108695652173913,uniform_chain_weight
10,12,0,0.919475568243766,0,0,0,0,0,0,0,0,0,0.0217391304347826,20,0.00108695652173913,uniform_chain_weight
10,13,0,0.919475568243766,0,0,0,0,0,0,0,0,0,0.0217391304347826,20,0.00108695652173913,uniform_chain_weight
10,14,0,0.919475568243766,0,0,0,0,0,0,0,0,0,0.0217391304347826,20,0.00108695652173913,uniform_chain_weight
10,15,0,0.919475568243766,0,0,0,0,0,0,0,0,0,0.0217391304347826,20,0.00108695652173913,uniform_chain_weight
10,16,0,0.919475568243766,0,0,0,0,0,0,0,0,0,0.0217391304347826,20,0.00108695652173913,uniform_chain_weight
10,17,0,0.919475568243766,0,0,0,0,0,0,0,0,0,0.0217391304347826,20,0.00108695652173913,uniform_chain_weight
10,18,0,0.919475568243766,0,0,0,0,0,0,0,0,0,0.0217391304347826,20,0.00108695652173913,uniform_chain_weight
10,19,0,0.919475568243766,0,0,0,0,0,0,0,0,0,0.0217391304347826,20,0.00108695652173913,uniform_chain_weight
10,20,0,0.919475568243766,0,0,0,0,0,0,0,0,0,0.0217391304347826,20,0.00108695652173913,uniform_chain_weight
11,1,0,0.866923282462036,0,0,0,0,0,0,0,0,0,0.0217391304347826,20,0.00108695652173913,uniform_chain_weight
11,2,0,0.866923282462036,0,0,0,0,0,0,0,0,0,0.0217391304347826,20,0.00108695652173913,uniform_chain_weight
11,3,0,0.866923282462036,0,0,0,0,0,0,0,0,0,0.0217391304347826,20,0.00108695652173913,uniform_chain_weight
11,4,0,0.866923282462036,0,0,0,0,0,0,0,0,0,0.0217391304347826,20,0.00108695652173913,uniform_chain_weight
11,5,0,0.866923282462036,0,0,0,0,0,0,0,0,0,0.0217391304347826,20,0.00108695652173913,uniform_chain_weight
11,6,0,0.866923282462036,0,0,0,0,0,0,0,0,0,0.0217391304347826,20,0.00108695652173913,uniform_chain_weight
11,7,0,0.866923282462036,0,0,0,0,0,0,0,0,0,0.0217391304347826,20,0.00108695652173913,uniform_chain_weight
11,8,0,0.866923282462036,0,0,0,0,0,0,0,0,0,0.0217391304347826,20,0.00108695652173913,uniform_chain_weight
11,9,0,0.902304541939159,0,0,0,0,0,0,0,0,0,0.0217391304347826,20,0.00108695652173913,uniform_chain_weight
11,10,0,0.866923282462036,0,0,0,0,0,0,0,0,0,0.0217391304347826,20,0.00108695652173913,uniform_chain_weight
11,11,0,0.866923282462036,0,0,0,0,0,0,0,0,0,0.0217391304347826,20,0.00108695652173913,uniform_chain_weight
11,12,0,0.866923282462036,0,0,0,0,0,0,0,0,0,0.0217391304347826,20,0.00108695652173913,uniform_chain_weight
11,13,0,0.866923282462036,0,0,0,0,0,0,0,0,0,0.0217391304347826,20,0.00108695652173913,uniform_chain_weight
11,14,0,0.866923282462036,0,0,0,0,0,0,0,0,0,0.0217391304347826,20,0.00108695652173913,uniform_chain_weight
11,15,0,0.866923282462036,0,0,0,0,0,0,0,0,0,0.0217391304347826,20,0.00108695652173913,uniform_chain_weight
11,16,0,0.866923282462036,0,0,0,0,0,0,0,0,0,0.0217391304347826,20,0.00108695652173913,uniform_chain_weight
11,17,0,0.866923282462036,0,0,0,0,0,0,0,0,0,0.0217391304347826,20,0.00108695652173913,uniform_chain_weight
11,18,0,0.866923282462036,0,0,0,0,0,0,0,0,0,0.0217391304347826,20,0.00108695652173913,uniform_chain_weight
11,19,0,0.866923282462036,0,0,0,0,0,0,0,0,0,0.0217391304347826,20,0.00108695652173913,uniform_chain_weight
11,20,0,0.866923282462036,0,0,0,0,0,0,0,0,0,0.0217391304347826,20,0.00108695652173913,uniform_chain_weight
12,1,0,0.863144472926513,0,0,0,0,0,0,0,0,0,0.0217391304347826,20,0.00108695652173913,uniform_chain_weight
12,2,0,0.863144472926513,0,0,0,0,0,0,0,0,0,0.0217391304347826,20,0.00108695652173913,uniform_chain_weight
12,3,0,0.863144472926513,0,0,0,0,0,0,0,0,0,0.0217391304347826,20,0.00108695652173913,uniform_chain_weight
12,4,0,0.863144472926513,0,0,0,0,0,0,0,0,0,0.0217391304347826,20,0.00108695652173913,uniform_chain_weight
12,5,0,0.863144472926513,0,0,0,0,0,0,0,0,0,0.0217391304347826,20,0.00108695652173913,uniform_chain_weight
12,6,0,0.863144472926513,0,0,0,0,0,0,0,0,0,0.0217391304347826,20,0.00108695652173913,uniform_chain_weight
12,7,0,0.863144472926513,0,0,0,0,0,0,0,0,0,0.0217391304347826,20,0.00108695652173913,uniform_chain_weight
12,8,0,0.863144472926513,0,0,0,0,0,0,0,0,0,0.0217391304347826,20,0.00108695652173913,uniform_chain_weight
12,9,0,0.863144472926513,0,0,0,0,0,0,0,0,0,0.0217391304347826,20,0.00108695652173913,uniform_chain_weight
12,10,0,0.863144472926513,0,0,0,0,0,0,0,0,0,0.0217391304347826,20,0.00108695652173913,uniform_chain_weight
12,11,0,0.863144472926513,0,0,0,0,0,0,0,0,0,0.0217391304347826,20,0.00108695652173913,uniform_chain_weight
12,12,0,0.863144472926513,0,0,0,0,0,0,0,0,0,0.0217391304347826,20,0.00108695652173913,uniform_chain_weight
12,13,0,0.863144472926513,0,0,0,0,0,0,0,0,0,0.0217391304347826,20,0.00108695652173913,uniform_chain_weight
12,14,0,0.863144472926513,0,0,0,0,0,0,0,0,0,0.0217391304347826,20,0.00108695652173913,uniform_chain_weight
12,15,0,0.863144472926513,0,0,0,0,0,0,0,0,0,0.0217391304347826,20,0.00108695652173913,uniform_chain_weight
12,16,0,0.863144472926513,0,0,0,0,0,0,0,0,0,0.0217391304347826,20,0.00108695652173913,uniform_chain_weight
12,17,0,0.863144472926513,0,0,0,0,0,0,0,0,0,0.0217391304347826,20,0.00108695652173913,uniform_chain_weight
12,18,0,0.863144472926513,0,0,0,0,0,0,0,0,0,0.0217391304347826,20,0.00108695652173913,uniform_chain_weight
12,19,0,0.863144472926513,0,0,0,0,0,0,0,0,0,0.0217391304347826,20,0.00108695652173913,uniform_chain_weight
12,20,0,0.863144472926513,0,0,0,0,0,0,0,0,0,0.0217391304347826,20,0.00108695652173913,uniform_chain_weight
13,1,0,1.06683822477189,0,0,0.0668382247718899,0,0.013367644954378,0,0.0668382247718899,0,0.013367644954378,0.0217391304347826,20,0.00108695652173913,uniform_chain_weight
13,2,0.3,1.06683822477189,0,0.3,0.0668382247718899,0,0.193367644954378,0.3,0.0668382247718899,0,0.193367644954378,0.0217391304347826,20,0.00108695652173913,uniform_chain_weight
13,3,0.00136387692809506,1.06683822477189,0,0.00136387692809506,0.0668382247718899,0,0.014185971111235,0.00136387692809506,0.0668382247718899,0,0.014185971111235,0.0217391304347826,20,0.00108695652173913,uniform_chain_weight
13,4,0,1.06683822477189,0,0,0.0668382247718899,0,0.013367644954378,0,0.0668382247718899,0,0.013367644954378,0.0217391304347826,20,0.00108695652173913,uniform_chain_weight
13,5,0.00136387692809506,1.42787943723226,0.0420884515610677,0.00136387692809506,0.42787943723226,0.0420884515610677,0.0948119039155226,0.00136387692809506,0.42787943723226,0.0420884515610677,0.0948119039155226,0.0217391304347826,20,0.00108695652173913,uniform_chain_weight
13,6,0.00136387692809506,1.06683822477189,0,0.00136387692809506,0.0668382247718899,0,0.014185971111235,0.00136387692809506,0.0668382247718899,0,0.014185971111235,0.0217391304347826,20,0.00108695652173913,uniform_chain_weight
13,7,0.00136387692809506,1.06683822477189,0,0.00136387692809506,0.0668382247718899,0,0.014185971111235,0.00136387692809506,0.0668382247718899,0,0.014185971111235,0.0217391304347826,20,0.00108695652173913,uniform_chain_weight
13,8,0.00136387692809506,1.06683822477189,0,0.00136387692809506,0.0668382247718899,0,0.014185971111235,0.00136387692809506,0.0668382247718899,0,0.014185971111235,0.0217391304347826,20,0.00108695652173913,uniform_chain_weight
13,9,0.346586230439239,1.33670137115618,0,0.346586230439239,0.33670137115618,0,0.275292012494779,0.346586230439239,0.33670137115618,0,0.275292012494779,0.0217391304347826,20,0.00108695652173913,uniform_chain_weight
13,10,0,1.06683822477189,0,0,0.0668382247718899,0,0.013367644954378,0,0.0668382247718899,0,0.013367644954378,0.0217391304347826,20,0.00108695652173913,uniform_chain_weight
13,11,0,1.06683822477189,0,0,0.0668382247718899,0,0.013367644954378,0,0.0668382247718899,0,0.013367644954378,0.0217391304347826,20,0.00108695652173913,uniform_chain_weight
13,12,0.346586230439239,1.33670137115618,0,0.346586230439239,0.33670137115618,0,0.275292012494779,0.346586230439239,0.33670137115618,0,0.275292012494779,0.0217391304347826,20,0.00108695652173913,uniform_chain_weight
13,13,0.00136387692809506,1.42787943723226,0.0420884515610677,0.00136387692809506,0.42787943723226,0.0420884515610677,0.0948119039155226,0.00136387692809506,0.42787943723226,0.0420884515610677,0.0948119039155226,0.0217391304347826,20,0.00108695652173913,uniform_chain_weight
13,14,0.00136387692809506,1.06683822477189,0,0.00136387692809506,0.0668382247718899,0,0.014185971111235,0.00136387692809506,0.0668382247718899,0,0.014185971111235,0.0217391304347826,20,0.00108695652173913,uniform_chain_weight
13,15,0,1.06683822477189,0,0,0.0668382247718899,0,0.013367644954378,0,0.0668382247718899,0,0.013367644954378,0.0217391304347826,20,0.00108695652173913,uniform_chain_weight
13,16,0.346586230439239,1.33670137115618,0,0.346586230439239,0.33670137115618,0,0.275292012494779,0.346586230439239,0.33670137115618,0,0.275292012494779,0.0217391304347826,20,0.00108695652173913,uniform_chain_weight
13,17,0.3,1.06683822477189,0,0.3,0.0668382247718899,0,0.193367644954378,0.3,0.0668382247718899,0,0.193367644954378,0.0217391304347826,20,0.00108695652173913,uniform_chain_weight
13,18,0.00136387692809506,1.06683822477189,0,0.00136387692809506,0.0668382247718899,0,0.014185971111235,0.00136387692809506,0.0668382247718899,0,0.014185971111235,0.0217391304347826,20,0.00108695652173913,uniform_chain_weight
13,19,0.00136387692809506,1.06683822477189,0,0.00136387692809506,0.0668382247718899,0,0.014185971111235,0.00136387692809506,0.0668382247718899,0,0.014185971111235,0.0217391304347826,20,0.00108695652173913,uniform_chain_weight
13,20,0.00136387692809506,1.42787943723226,0.0420884515610677,0.00136387692809506,0.42787943723226,0.0420884515610677,0.0948119039155226,0.00136387692809506,0.42787943723226,0.0420884515610677,0.0948119039155226,0.0217391304347826,20,0.00108695652173913,uniform_chain_weight
14,1,0.0014710044242057,1.12288686504754,0,0.0014710044242057,0.12288686504754,0,0.0254599756640314,0.0014710044242057,0.12288686504754,0,0.0254599756640314,0.0217391304347826,20,0.00108695652173913,uniform_chain_weight
14,2,0.364396816234772,2.48830100160774,0.153717440252168,0.364396816234772,1.48830100160774,0.153717440252168,0.547041778112845,0.364396816234772,1.48830100160774,0.153717440252168,0.547041778112845,0.0217391304347826,20,0.00108695652173913,uniform_chain_weight
14,3,0.0014710044242057,1.12288686504754,0,0.0014710044242057,0.12288686504754,0,0.0254599756640314,0.0014710044242057,0.12288686504754,0,0.0254599756640314,0.0217391304347826,20,0.00108695652173913,uniform_chain_weight
14,4,0.0014710044242057,1.12288686504754,0,0.0014710044242057,0.12288686504754,0,0.0254599756640314,0.0014710044242057,0.12288686504754,0,0.0254599756640314,0.0217391304347826,20,0.00108695652173913,uniform_chain_weight
14,5,0.364396816234772,2.48830100160774,0.153717440252168,0.364396816234772,1.48830100160774,0.153717440252168,0.547041778112845,0.364396816234772,1.48830100160774,0.153717440252168,0.547041778112845,0.0217391304347826,20,0.00108695652173913,uniform_chain_weight
14,6,0.364396816234772,2.48830100160774,0.153717440252168,0.364396816234772,1.48830100160774,0.153717440252168,0.547041778112845,0.364396816234772,1.48830100160774,0.153717440252168,0.547041778112845,0.0217391304347826,20,0.00108695652173913,uniform_chain_weight
14,7,0.364396816234772,2.48830100160774,0.153717440252168,0.364396816234772,1.48830100160774,0.153717440252168,0.547041778112845,0.364396816234772,1.48830100160774,0.153717440252168,0.547041778112845,0.0217391304347826,20,0.00108695652173913,uniform_chain_weight
14,8,0.0014710044242057,1.10852252696377,0,0.0014710044242057,0.10852252696377,0,0.0225871080472774,0.0014710044242057,0.10852252696377,0,0.0225871080472774,0.0217391304347826,20,0.00108695652173913,uniform_chain_weight
14,9,0.0014710044242057,1.10852252696377,0,0.0014710044242057,0.10852252696377,0,0.0225871080472774,0.0014710044242057,0.10852252696377,0,0.0225871080472774,0.0217391304347826,20,0.00108695652173913,uniform_chain_weight
14,10,0.301029703096944,1.34326920471462,0.005200509939849,0.301029703096944,0.34326920471462,0.005200509939849,0.25031176478906,0.301029703096944,0.34326920471462,0.005200509939849,0.25031176478906,0.0217391304347826,20,0.00108695652173913,uniform_chain_weight
14,11,0.0014710044242057,1.12288686504754,0,0.0014710044242057,0.12288686504754,0,0.0254599756640314,0.0014710044242057,0.12288686504754,0,0.0254599756640314,0.0217391304347826,20,0.00108695652173913,uniform_chain_weight
14,12,0.364396816234772,2.48830100160774,0.153717440252168,0.364396816234772,1.48830100160774,0.153717440252168,0.547041778112845,0.364396816234772,1.48830100160774,0.153717440252168,0.547041778112845,0.0217391304347826,20,0.00108695652173913,uniform_chain_weight
14,13,0.0014710044242057,1.10852252696377,0,0.0014710044242057,0.10852252696377,0,0.0225871080472774,0.0014710044242057,0.10852252696377,0,0.0225871080472774,0.0217391304347826,20,0.00108695652173913,uniform_chain_weight
14,14,0.0014710044242057,1.10852252696377,0,0.0014710044242057,0.10852252696377,0,0.0225871080472774,0.0014710044242057,0.10852252696377,0,0.0225871080472774,0.0217391304347826,20,0.00108695652173913,uniform_chain_weight
14,15,0.0014710044242057,1.12288686504754,0,0.0014710044242057,0.12288686504754,0,0.0254599756640314,0.0014710044242057,0.12288686504754,0,0.0254599756640314,0.0217391304347826,20,0.00108695652173913,uniform_chain_weight
14,16,0.576159155483569,1.57422073995032,0.0538988349378813,0.576159155483569,0.57422073995032,0.0538988349378813,0.471319408267782,0.576159155483569,0.57422073995032,0.0538988349378813,0.471319408267782,0.0217391304347826,20,0.00108695652173913,uniform_chain_weight
14,17,0.0014710044242057,1.10852252696377,0,0.0014710044242057,0.10852252696377,0,0.0225871080472774,0.0014710044242057,0.10852252696377,0,0.0225871080472774,0.0217391304347826,20,0.00108695652173913,uniform_chain_weight
14,18,0.0014710044242057,1.10852252696377,0,0.0014710044242057,0.10852252696377,0,0.0225871080472774,0.0014710044242057,0.10852252696377,0,0.0225871080472774,0.0217391304347826,20,0.00108695652173913,uniform_chain_weight
14,19,0.364396816234772,2.48830100160774,0.153717440252168,0.364396816234772,1.48830100160774,0.153717440252168,0.547041778112845,0.364396816234772,1.48830100160774,0.153717440252168,0.547041778112845,0.0217391304347826,20,0.00108695652173913,uniform_chain_weight
14,20,0.0014710044242057,1.12288686504754,0,0.0014710044242057,0.12288686504754,0,0.0254599756640314,0.0014710044242057,0.12288686504754,0,0.0254599756640314,0.0217391304347826,20,0.00108695652173913,uniform_chain_weight
15,1,0,0.763902398396952,0,0,0,0,0,0,0,0,0,0.0217391304347826,20,0.00108695652173913,uniform_chain_weight
15,2,0,0.763902398396952,0,0,0,0,0,0,0,0,0,0.0217391304347826,20,0.00108695652173913,uniform_chain_weight
15,3,0,0.763902398396952,0,0,0,0,0,0,0,0,0,0.0217391304347826,20,0.00108695652173913,uniform_chain_weight
15,4,0,0.763902398396952,0,0,0,0,0,0,0,0,0,0.0217391304347826,20,0.00108695652173913,uniform_chain_weight
15,5,0,0.763902398396952,0,0,0,0,0,0,0,0,0,0.0217391304347826,20,0.00108695652173913,uniform_chain_weight
15,6,0,0.763902398396952,0,0,0,0,0,0,0,0,0,0.0217391304347826,20,0.00108695652173913,uniform_chain_weight
15,7,0,0.763902398396952,0,0,0,0,0,0,0,0,0,0.0217391304347826,20,0.00108695652173913,uniform_chain_weight
15,8,0,0.763902398396952,0,0,0,0,0,0,0,0,0,0.0217391304347826,20,0.00108695652173913,uniform_chain_weight
15,9,0,0.763902398396952,0,0,0,0,0,0,0,0,0,0.0217391304347826,20,0.00108695652173913,uniform_chain_weight
15,10,0,0.763902398396952,0,0,0,0,0,0,0,0,0,0.0217391304347826,20,0.00108695652173913,uniform_chain_weight
15,11,0,0.763902398396952,0,0,0,0,0,0,0,0,0,0.0217391304347826,20,0.00108695652173913,uniform_chain_weight
15,12,0,0.763902398396952,0,0,0,0,0,0,0,0,0,0.0217391304347826,20,0.00108695652173913,uniform_chain_weight
15,13,0,0.763902398396952,0,0,0,0,0,0,0,0,0,0.0217391304347826,20,0.00108695652173913,uniform_chain_weight
15,14,0,0.763902398396952,0,0,0,0,0,0,0,0,0,0.0217391304347826,20,0.00108695652173913,uniform_chain_weight
15,15,0,0.763902398396952,0,0,0,0,0,0,0,0,0,0.0217391304347826,20,0.00108695652173913,uniform_chain_weight
15,16,0,0.763902398396952,0,0,0,0,0,0,0,0,0,0.0217391304347826,20,0.00108695652173913,uniform_chain_weight
15,17,0,0.763902398396952,0,0,0,0,0,0,0,0,0,0.0217391304347826,20,0.00108695652173913,uniform_chain_weight
15,18,0,0.763902398396952,0,0,0,0,0,0,0,0,0,0.0217391304347826,20,0.00108695652173913,uniform_chain_weight
15,19,0,0.763902398396952,0,0,0,0,0,0,0,0,0,0.0217391304347826,20,0.00108695652173913,uniform_chain_weight
15,20,0,0.763902398396952,0,0,0,0,0,0,0,0,0,0.0217391304347826,20,0.00108695652173913,uniform_chain_weight
16,1,0,0.77519011006618,0,0,0,0,0,0,0,0,0,0.0217391304347826,20,0.00108695652173913,uniform_chain_weight
16,2,0,0.77519011006618,0,0,0,0,0,0,0,0,0,0.0217391304347826,20,0.00108695652173913,uniform_chain_weight
16,3,0,0.77519011006618,0,0,0,0,0,0,0,0,0,0.0217391304347826,20,0.00108695652173913,uniform_chain_weight
16,4,0,0.77519011006618,0,0,0,0,0,0,0,0,0,0.0217391304347826,20,0.00108695652173913,uniform_chain_weight
16,5,0,0.77519011006618,0,0,0,0,0,0,0,0,0,0.0217391304347826,20,0.00108695652173913,uniform_chain_weight
16,6,0,0.77519011006618,0,0,0,0,0,0,0,0,0,0.0217391304347826,20,0.00108695652173913,uniform_chain_weight
16,7,0,0.77519011006618,0,0,0,0,0,0,0,0,0,0.0217391304347826,20,0.00108695652173913,uniform_chain_weight
16,8,0,0.77519011006618,0,0,0,0,0,0,0,0,0,0.0217391304347826,20,0.00108695652173913,uniform_chain_weight
16,9,0,0.77519011006618,0,0,0,0,0,0,0,0,0,0.0217391304347826,20,0.00108695652173913,uniform_chain_weight
16,10,0,0.77519011006618,0,0,0,0,0,0,0,0,0,0.0217391304347826,20,0.00108695652173913,uniform_chain_weight
16,11,0,0.77519011006618,0,0,0,0,0,0,0,0,0,0.0217391304347826,20,0.00108695652173913,uniform_chain_weight
16,12,0,0.77519011006618,0,0,0,0,0,0,0,0,0,0.0217391304347826,20,0.00108695652173913,uniform_chain_weight
16,13,0,0.77519011006618,0,0,0,0,0,0,0,0,0,0.0217391304347826,20,0.00108695652173913,uniform_chain_weight
16,14,0,0.77519011006618,0,0,0,0,0,0,0,0,0,0.0217391304347826,20,0.00108695652173913,uniform_chain_weight
16,15,0,0.77519011006618,0,0,0,0,0,0,0,0,0,0.0217391304347826,20,0.00108695652173913,uniform_chain_weight
16,16,0,0.77519011006618,0,0,0,0,0,0,0,0,0,0.0217391304347826,20,0.00108695652173913,uniform_chain_weight
16,17,0,0.77519011006618,0,0,0,0,0,0,0,0,0,0.0217391304347826,20,0.00108695652173913,uniform_chain_weight
16,18,0,0.77519011006618,0,0,0,0,0,0,0,0,0,0.0217391304347826,20,0.00108695652173913,uniform_chain_weight
16,19,0,0.77519011006618,0,0,0,0,0,0,0,0,0,0.0217391304347826,20,0.00108695652173913,uniform_chain_weight
16,20,0,0.77519011006618,0,0,0,0,0,0,0,0,0,0.0217391304347826,20,0.00108695652173913,uniform_chain_weight
17,1,0,0.764108228048508,0,0,0,0,0,0,0,0,0,0.0217391304347826,20,0.00108695652173913,uniform_chain_weight
17,2,0,0.764108228048508,0,0,0,0,0,0,0,0,0,0.0217391304347826,20,0.00108695652173913,uniform_chain_weight
17,3,0,0.764108228048508,0,0,0,0,0,0,0,0,0,0.0217391304347826,20,0.00108695652173913,uniform_chain_weight
17,4,0,0.764108228048508,0,0,0,0,0,0,0,0,0,0.0217391304347826,20,0.00108695652173913,uniform_chain_weight
17,5,0,0.764108228048508,0,0,0,0,0,0,0,0,0,0.0217391304347826,20,0.00108695652173913,uniform_chain_weight
17,6,0,0.764108228048508,0,0,0,0,0,0,0,0,0,0.0217391304347826,20,0.00108695652173913,uniform_chain_weight
17,7,0,0.764108228048508,0,0,0,0,0,0,0,0,0,0.0217391304347826,20,0.00108695652173913,uniform_chain_weight
17,8,0,0.764108228048508,0,0,0,0,0,0,0,0,0,0.0217391304347826,20,0.00108695652173913,uniform_chain_weight
17,9,0,0.764108228048508,0,0,0,0,0,0,0,0,0,0.0217391304347826,20,0.00108695652173913,uniform_chain_weight
17,10,0,0.764108228048508,0,0,0,0,0,0,0,0,0,0.0217391304347826,20,0.00108695652173913,uniform_chain_weight
17,11,0,0.764108228048508,0,0,0,0,0,0,0,0,0,0.0217391304347826,20,0.00108695652173913,uniform_chain_weight
17,12,0,0.764108228048508,0,0,0,0,0,0,0,0,0,0.0217391304347826,20,0.00108695652173913,uniform_chain_weight
17,13,0,0.764108228048508,0,0,0,0,0,0,0,0,0,0.0217391304347826,20,0.00108695652173913,uniform_chain_weight
17,14,0,0.764108228048508,0,0,0,0,0,0,0,0,0,0.0217391304347826,20,0.00108695652173913,uniform_chain_weight
17,15,0,0.764108228048508,0,0,0,0,0,0,0,0,0,0.0217391304347826,20,0.00108695652173913,uniform_chain_weight
17,16,0,0.764108228048508,0,0,0,0,0,0,0,0,0,0.0217391304347826,20,0.00108695652173913,uniform_chain_weight
17,17,0,0.764108228048508,0,0,0,0,0,0,0,0,0,0.0217391304347826,20,0.00108695652173913,uniform_chain_weight
17,18,0,0.764108228048508,0,0,0,0,0,0,0,0,0,0.0217391304347826,20,0.00108695652173913,uniform_chain_weight
17,19,0,0.764108228048508,0,0,0,0,0,0,0,0,0,0.0217391304347826,20,0.00108695652173913,uniform_chain_weight
17,20,0,0.764108228048508,0,0,0,0,0,0,0,0,0,0.0217391304347826,20,0.00108695652173913,uniform_chain_weight
18,1,0,1.09492345914844,0,0,0.09492345914844,0,0.018984691829688,0,0.09492345914844,0,0.018984691829688,0.0217391304347826,20,0.00108695652173913,uniform_chain_weight
18,2,0,1.09492345914844,0,0,0.09492345914844,0,0.018984691829688,0,0.09492345914844,0,0.018984691829688,0.0217391304347826,20,0.00108695652173913,uniform_chain_weight
18,3,0,1.09492345914844,0,0,0.09492345914844,0,0.018984691829688,0,0.09492345914844,0,0.018984691829688,0.0217391304347826,20,0.00108695652173913,uniform_chain_weight
18,4,0,1.09492345914844,0,0,0.09492345914844,0,0.018984691829688,0,0.09492345914844,0,0.018984691829688,0.0217391304347826,20,0.00108695652173913,uniform_chain_weight
18,5,0,1.09492345914844,0,0,0.09492345914844,0,0.018984691829688,0,0.09492345914844,0,0.018984691829688,0.0217391304347826,20,0.00108695652173913,uniform_chain_weight
18,6,0,1.09492345914844,0,0,0.09492345914844,0,0.018984691829688,0,0.09492345914844,0,0.018984691829688,0.0217391304347826,20,0.00108695652173913,uniform_chain_weight
18,7,0,1.09492345914844,0,0,0.09492345914844,0,0.018984691829688,0,0.09492345914844,0,0.018984691829688,0.0217391304347826,20,0.00108695652173913,uniform_chain_weight
18,8,0,1.09492345914844,0,0,0.09492345914844,0,0.018984691829688,0,0.09492345914844,0,0.018984691829688,0.0217391304347826,20,0.00108695652173913,uniform_chain_weight
18,9,0,1.09492345914844,0,0,0.09492345914844,0,0.018984691829688,0,0.09492345914844,0,0.018984691829688,0.0217391304347826,20,0.00108695652173913,uniform_chain_weight
18,10,0,1.09492345914844,0,0,0.09492345914844,0,0.018984691829688,0,0.09492345914844,0,0.018984691829688,0.0217391304347826,20,0.00108695652173913,uniform_chain_weight
18,11,0,1.09492345914844,0,0,0.09492345914844,0,0.018984691829688,0,0.09492345914844,0,0.018984691829688,0.0217391304347826,20,0.00108695652173913,uniform_chain_weight
18,12,0,1.09492345914844,0,0,0.09492345914844,0,0.018984691829688,0,0.09492345914844,0,0.018984691829688,0.0217391304347826,20,0.00108695652173913,uniform_chain_weight
18,13,0.00136387692809506,1.43687995682143,0.0305711243705873,0.00136387692809506,0.43687995682143,0.0305711243705873,0.0943085423952605,0.00136387692809506,0.43687995682143,0.0305711243705873,0.0943085423952605,0.0217391304347826,20,0.00108695652173913,uniform_chain_weight
18,14,0,1.09492345914844,0,0,0.09492345914844,0,0.018984691829688,0,0.09492345914844,0,0.018984691829688,0.0217391304347826,20,0.00108695652173913,uniform_chain_weight
18,15,0,1.09492345914844,0,0,0.09492345914844,0,0.018984691829688,0,0.09492345914844,0,0.018984691829688,0.0217391304347826,20,0.00108695652173913,uniform_chain_weight
18,16,0,1.09492345914844,0,0,0.09492345914844,0,0.018984691829688,0,0.09492345914844,0,0.018984691829688,0.0217391304347826,20,0.00108695652173913,uniform_chain_weight
18,17,0,1.09492345914844,0,0,0.09492345914844,0,0.018984691829688,0,0.09492345914844,0,0.018984691829688,0.0217391304347826,20,0.00108695652173913,uniform_chain_weight
18,18,0,1.09492345914844,0,0,0.09492345914844,0,0.018984691829688,0,0.09492345914844,0,0.018984691829688,0.0217391304347826,20,0.00108695652173913,uniform_chain_weight
18,19,0,1.09492345914844,0,0,0.09492345914844,0,0.018984691829688,0,0.09492345914844,0,0.018984691829688,0.0217391304347826,20,0.00108695652173913,uniform_chain_weight
18,20,0,1.09492345914844,0,0,0.09492345914844,0,0.018984691829688,0,0.09492345914844,0,0.018984691829688,0.0217391304347826,20,0.00108695652173913,uniform_chain_weight
19,1,0,1.12814123526422,0,0,0.12814123526422,0,0.025628247052844,0,0.12814123526422,0,0.025628247052844,0.0217391304347826,20,0.00108695652173913,uniform_chain_weight
19,2,0,1.12814123526422,0,0,0.12814123526422,0,0.025628247052844,0,0.12814123526422,0,0.025628247052844,0.0217391304347826,20,0.00108695652173913,uniform_chain_weight
19,3,0.00136387692809506,1.42787943723226,0.0420884515610677,0.00136387692809506,0.42787943723226,0.0420884515610677,0.0948119039155226,0.00136387692809506,0.42787943723226,0.0420884515610677,0.0948119039155226,0.0217391304347826,20,0.00108695652173913,uniform_chain_weight
19,4,0,1.12814123526422,0,0,0.12814123526422,0,0.025628247052844,0,0.12814123526422,0,0.025628247052844,0.0217391304347826,20,0.00108695652173913,uniform_chain_weight
19,5,0,1.12814123526422,0,0,0.12814123526422,0,0.025628247052844,0,0.12814123526422,0,0.025628247052844,0.0217391304347826,20,0.00108695652173913,uniform_chain_weight
19,6,0,1.12814123526422,0,0,0.12814123526422,0,0.025628247052844,0,0.12814123526422,0,0.025628247052844,0.0217391304347826,20,0.00108695652173913,uniform_chain_weight
19,7,0,1.12814123526422,0,0,0.12814123526422,0,0.025628247052844,0,0.12814123526422,0,0.025628247052844,0.0217391304347826,20,0.00108695652173913,uniform_chain_weight
19,8,0,1.12814123526422,0,0,0.12814123526422,0,0.025628247052844,0,0.12814123526422,0,0.025628247052844,0.0217391304347826,20,0.00108695652173913,uniform_chain_weight
19,9,0,1.12814123526422,0,0,0.12814123526422,0,0.025628247052844,0,0.12814123526422,0,0.025628247052844,0.0217391304347826,20,0.00108695652173913,uniform_chain_weight
19,10,0.00136387692809506,1.42787943723226,0.0420884515610677,0.00136387692809506,0.42787943723226,0.0420884515610677,0.0948119039155226,0.00136387692809506,0.42787943723226,0.0420884515610677,0.0948119039155226,0.0217391304347826,20,0.00108695652173913,uniform_chain_weight
19,11,0,1.12814123526422,0,0,0.12814123526422,0,0.025628247052844,0,0.12814123526422,0,0.025628247052844,0.0217391304347826,20,0.00108695652173913,uniform_chain_weight
19,12,0.00136387692809506,1.42787943723226,0.0420884515610677,0.00136387692809506,0.42787943723226,0.0420884515610677,0.0948119039155226,0.00136387692809506,0.42787943723226,0.0420884515610677,0.0948119039155226,0.0217391304347826,20,0.00108695652173913,uniform_chain_weight
19,13,0,1.12814123526422,0,0,0.12814123526422,0,0.025628247052844,0,0.12814123526422,0,0.025628247052844,0.0217391304347826,20,0.00108695652173913,uniform_chain_weight
19,14,0,1.12814123526422,0,0,0.12814123526422,0,0.025628247052844,0,0.12814123526422,0,0.025628247052844,0.0217391304347826,20,0.00108695652173913,uniform_chain_weight
19,15,0,1.12814123526422,0,0,0.12814123526422,0,0.025628247052844,0,0.12814123526422,0,0.025628247052844,0.0217391304347826,20,0.00108695652173913,uniform_chain_weight
19,16,0.00136387692809506,1.42787943723226,0.0420884515610677,0.00136387692809506,0.42787943723226,0.0420884515610677,0.0948119039155226,0.00136387692809506,0.42787943723226,0.0420884515610677,0.0948119039155226,0.0217391304347826,20,0.00108695652173913,uniform_chain_weight
19,17,0.00136387692809506,1.42787943723226,0.0420884515610677,0.00136387692809506,0.42787943723226,0.0420884515610677,0.0948119039155226,0.00136387692809506,0.42787943723226,0.0420884515610677,0.0948119039155226,0.0217391304347826,20,0.00108695652173913,uniform_chain_weight
19,18,0.00136387692809506,1.94538960139254,0.081892106307684,0.00136387692809506,0.94538960139254,0.081892106307684,0.206274667696902,0.00136387692809506,0.94538960139254,0.081892106307684,0.206274667696902,0.0217391304347826,20,0.00108695652173913,uniform_chain_weight
19,19,0,1.12814123526422,0,0,0.12814123526422,0,0.025628247052844,0,0.12814123526422,0,0.025628247052844,0.0217391304347826,20,0.00108695652173913,uniform_chain_weight
19,20,0,1.12814123526422,0,0,0.12814123526422,0,0.025628247052844,0,0.12814123526422,0,0.025628247052844,0.0217391304347826,20,0.00108695652173913,uniform_chain_weight
20,1,0,0.794160021773972,0,0,0,0,0,0,0,0,0,0.0217391304347826,20,0.00108695652173913,uniform_chain_weight
20,2,0,0.794160021773972,0,0,0,0,0,0,0,0,0,0.0217391304347826,20,0.00108695652173913,uniform_chain_weight
20,3,0,0.794160021773972,0,0,0,0,0,0,0,0,0,0.0217391304347826,20,0.00108695652173913,uniform_chain_weight
20,4,0,0.794160021773972,0,0,0,0,0,0,0,0,0,0.0217391304347826,20,0.00108695652173913,uniform_chain_weight
20,5,0,0.794160021773972,0,0,0,0,0,0,0,0,0,0.0217391304347826,20,0.00108695652173913,uniform_chain_weight
20,6,0,0.794160021773972,0,0,0,0,0,0,0,0,0,0.0217391304347826,20,0.00108695652173913,uniform_chain_weight
20,7,0,0.794160021773972,0,0,0,0,0,0,0,0,0,0.0217391304347826,20,0.00108695652173913,uniform_chain_weight
20,8,0,0.794160021773972,0,0,0,0,0,0,0,0,0,0.0217391304347826,20,0.00108695652173913,uniform_chain_weight
20,9,0,0.794160021773972,0,0,0,0,0,0,0,0,0,0.0217391304347826,20,0.00108695652173913,uniform_chain_weight
20,10,0,0.794160021773972,0,0,0,0,0,0,0,0,0,0.0217391304347826,20,0.00108695652173913,uniform_chain_weight
20,11,0,0.794160021773972,0,0,0,0,0,0,0,0,0,0.0217391304347826,20,0.00108695652173913,uniform_chain_weight
20,12,0,0.794160021773972,0,0,0,0,0,0,0,0,0,0.0217391304347826,20,0.00108695652173913,uniform_chain_weight
20,13,0,0.794160021773972,0,0,0,0,0,0,0,0,0,0.0217391304347826,20,0.00108695652173913,uniform_chain_weight
20,14,0,0.794160021773972,0,0,0,0,0,0,0,0,0,0.0217391304347826,20,0.00108695652173913,uniform_chain_weight
20,15,0,0.794160021773972,0,0,0,0,0,0,0,0,0,0.0217391304347826,20,0.00108695652173913,uniform_chain_weight
20,16,0,0.794160021773972,0,0,0,0,0,0,0,0,0,0.0217391304347826,20,0.00108695652173913,uniform_chain_weight
20,17,0,0.794160021773972,0,0,0,0,0,0,0,0,0,0.0217391304347826,20,0.00108695652173913,uniform_chain_weight
20,18,0,0.794160021773972,0,0,0,0,0,0,0,0,0,0.0217391304347826,20,0.00108695652173913,uniform_chain_weight
20,19,0,0.794160021773972,0,0,0,0,0,0,0,0,0,0.0217391304347826,20,0.00108695652173913,uniform_chain_weight
20,20,0,0.794160021773972,0,0,0,0,0,0,0,0,0,0.0217391304347826,20,0.00108695652173913,uniform_chain_weight
21,1,0,0.763810684086182,0,0,0,0,0,0,0,0,0,0.0217391304347826,20,0.00108695652173913,uniform_chain_weight
21,2,0,0.763810684086182,0,0,0,0,0,0,0,0,0,0.0217391304347826,20,0.00108695652173913,uniform_chain_weight
21,3,0,0.763810684086182,0,0,0,0,0,0,0,0,0,0.0217391304347826,20,0.00108695652173913,uniform_chain_weight
21,4,0,0.763810684086182,0,0,0,0,0,0,0,0,0,0.0217391304347826,20,0.00108695652173913,uniform_chain_weight
21,5,0,0.763810684086182,0,0,0,0,0,0,0,0,0,0.0217391304347826,20,0.00108695652173913,uniform_chain_weight
21,6,0,0.763810684086182,0,0,0,0,0,0,0,0,0,0.0217391304347826,20,0.00108695652173913,uniform_chain_weight
21,7,0,0.763810684086182,0,0,0,0,0,0,0,0,0,0.0217391304347826,20,0.00108695652173913,uniform_chain_weight
21,8,0,0.763810684086182,0,0,0,0,0,0,0,0,0,0.0217391304347826,20,0.00108695652173913,uniform_chain_weight
21,9,0,0.763810684086182,0,0,0,0,0,0,0,0,0,0.0217391304347826,20,0.00108695652173913,uniform_chain_weight
21,10,0,0.763810684086182,0,0,0,0,0,0,0,0,0,0.0217391304347826,20,0.00108695652173913,uniform_chain_weight
21,11,0,0.763810684086182,0,0,0,0,0,0,0,0,0,0.0217391304347826,20,0.00108695652173913,uniform_chain_weight
21,12,0,0.763810684086182,0,0,0,0,0,0,0,0,0,0.0217391304347826,20,0.00108695652173913,uniform_chain_weight
21,13,0,0.763810684086182,0,0,0,0,0,0,0,0,0,0.0217391304347826,20,0.00108695652173913,uniform_chain_weight
21,14,0,0.763810684086182,0,0,0,0,0,0,0,0,0,0.0217391304347826,20,0.00108695652173913,uniform_chain_weight
21,15,0,0.763810684086182,0,0,0,0,0,0,0,0,0,0.0217391304347826,20,0.00108695652173913,uniform_chain_weight
21,16,0,0.763810684086182,0,0,0,0,0,0,0,0,0,0.0217391304347826,20,0.00108695652173913,uniform_chain_weight
21,17,0,0.763810684086182,0,0,0,0,0,0,0,0,0,0.0217391304347826,20,0.00108695652173913,uniform_chain_weight
21,18,0,0.763810684086182,0,0,0,0,0,0,0,0,0,0.0217391304347826,20,0.00108695652173913,uniform_chain_weight
21,19,0,0.763810684086182,0,0,0,0,0,0,0,0,0,0.0217391304347826,20,0.00108695652173913,uniform_chain_weight
21,20,0,0.763810684086182,0,0,0,0,0,0,0,0,0,0.0217391304347826,20,0.00108695652173913,uniform_chain_weight
22,1,0,0.763450113726092,0,0,0,0,0,0,0,0,0,0.0217391304347826,20,0.00108695652173913,uniform_chain_weight
22,2,0,0.763450113726092,0,0,0,0,0,0,0,0,0,0.0217391304347826,20,0.00108695652173913,uniform_chain_weight
22,3,0,0.763450113726092,0,0,0,0,0,0,0,0,0,0.0217391304347826,20,0.00108695652173913,uniform_chain_weight
22,4,0,0.763450113726092,0,0,0,0,0,0,0,0,0,0.0217391304347826,20,0.00108695652173913,uniform_chain_weight
22,5,0,0.763450113726092,0,0,0,0,0,0,0,0,0,0.0217391304347826,20,0.00108695652173913,uniform_chain_weight
22,6,0,0.763450113726092,0,0,0,0,0,0,0,0,0,0.0217391304347826,20,0.00108695652173913,uniform_chain_weight
22,7,0,0.763450113726092,0,0,0,0,0,0,0,0,0,0.0217391304347826,20,0.00108695652173913,uniform_chain_weight
22,8,0,0.763450113726092,0,0,0,0,0,0,0,0,0,0.0217391304347826,20,0.00108695652173913,uniform_chain_weight
22,9,0,0.763450113726092,0,0,0,0,0,0,0,0,0,0.0217391304347826,20,0.00108695652173913,uniform_chain_weight
22,10,0,0.763450113726092,0,0,0,0,0,0,0,0,0,0.0217391304347826,20,0.00108695652173913,uniform_chain_weight
22,11,0,0.763450113726092,0,0,0,0,0,0,0,0,0,0.0217391304347826,20,0.00108695652173913,uniform_chain_weight
22,12,0,0.763450113726092,0,0,0,0,0,0,0,0,0,0.0217391304347826,20,0.00108695652173913,uniform_chain_weight
22,13,0,0.763450113726092,0,0,0,0,0,0,0,0,0,0.0217391304347826,20,0.00108695652173913,uniform_chain_weight
22,14,0,0.860369096930105,0,0,0,0,0,0,0,0,0,0.0217391304347826,20,0.00108695652173913,uniform_chain_weight
22,15,0,0.763450113726092,0,0,0,0,0,0,0,0,0,0.0217391304347826,20,0.00108695652173913,uniform_chain_weight
22,16,0,0.763450113726092,0,0,0,0,0,0,0,0,0,0.0217391304347826,20,0.00108695652173913,uniform_chain_weight
22,17,0,0.763450113726092,0,0,0,0,0,0,0,0,0,0.0217391304347826,20,0.00108695652173913,uniform_chain_weight
22,18,0,0.763450113726092,0,0,0,0,0,0,0,0,0,0.0217391304347826,20,0.00108695652173913,uniform_chain_weight
22,19,0,0.763450113726092,0,0,0,0,0,0,0,0,0,0.0217391304347826,20,0.00108695652173913,uniform_chain_weight
22,20,0,0.763450113726092,0,0,0,0,0,0,0,0,0,0.0217391304347826,20,0.00108695652173913,uniform_chain_weight
23,1,0.00136387692809506,1.33495430681671,0,0.00136387692809506,0.33495430681671,0,0.067809187520199,0.00136387692809506,0.33495430681671,0,0.067809187520199,0.0217391304347826,20,0.00108695652173913,uniform_chain_weight
23,2,0.00136387692809506,1.33495430681671,0,0.00136387692809506,0.33495430681671,0,0.067809187520199,0.00136387692809506,0.33495430681671,0,0.067809187520199,0.0217391304347826,20,0.00108695652173913,uniform_chain_weight
23,3,0.00136387692809506,1.33495430681671,0,0.00136387692809506,0.33495430681671,0,0.067809187520199,0.00136387692809506,0.33495430681671,0,0.067809187520199,0.0217391304347826,20,0.00108695652173913,uniform_chain_weight
23,4,0.00136387692809506,1.33495430681671,0,0.00136387692809506,0.33495430681671,0,0.067809187520199,0.00136387692809506,0.33495430681671,0,0.067809187520199,0.0217391304347826,20,0.00108695652173913,uniform_chain_weight
23,5,0.00136387692809506,1.33495430681671,0,0.00136387692809506,0.33495430681671,0,0.067809187520199,0.00136387692809506,0.33495430681671,0,0.067809187520199,0.0217391304347826,20,0.00108695652173913,uniform_chain_weight
23,6,0.00136387692809506,1.33495430681671,0,0.00136387692809506,0.33495430681671,0,0.067809187520199,0.00136387692809506,0.33495430681671,0,0.067809187520199,0.0217391304347826,20,0.00108695652173913,uniform_chain_weight
23,7,0.00136387692809506,1.33495430681671,0,0.00136387692809506,0.33495430681671,0,0.067809187520199,0.00136387692809506,0.33495430681671,0,0.067809187520199,0.0217391304347826,20,0.00108695652173913,uniform_chain_weight
23,8,0.00136387692809506,1.33495430681671,0,0.00136387692809506,0.33495430681671,0,0.067809187520199,0.00136387692809506,0.33495430681671,0,0.067809187520199,0.0217391304347826,20,0.00108695652173913,uniform_chain_weight
23,9,0.00136387692809506,1.33495430681671,0,0.00136387692809506,0.33495430681671,0,0.067809187520199,0.00136387692809506,0.33495430681671,0,0.067809187520199,0.0217391304347826,20,0.00108695652173913,uniform_chain_weight
23,10,0.00136387692809506,1.33495430681671,0,0.00136387692809506,0.33495430681671,0,0.067809187520199,0.00136387692809506,0.33495430681671,0,0.067809187520199,0.0217391304347826,20,0.00108695652173913,uniform_chain_weight
23,11,0.00136387692809506,1.33495430681671,0,0.00136387692809506,0.33495430681671,0,0.067809187520199,0.00136387692809506,0.33495430681671,0,0.067809187520199,0.0217391304347826,20,0.00108695652173913,uniform_chain_weight
23,12,0.00136387692809506,1.33495430681671,0,0.00136387692809506,0.33495430681671,0,0.067809187520199,0.00136387692809506,0.33495430681671,0,0.067809187520199,0.0217391304347826,20,0.00108695652173913,uniform_chain_weight
23,13,0.00136387692809506,1.33495430681671,0,0.00136387692809506,0.33495430681671,0,0.067809187520199,0.00136387692809506,0.33495430681671,0,0.067809187520199,0.0217391304347826,20,0.00108695652173913,uniform_chain_weight
23,14,0.00136387692809506,1.33495430681671,0,0.00136387692809506,0.33495430681671,0,0.067809187520199,0.00136387692809506,0.33495430681671,0,0.067809187520199,0.0217391304347826,20,0.00108695652173913,uniform_chain_weight
23,15,0.00136387692809506,1.33495430681671,0,0.00136387692809506,0.33495430681671,0,0.067809187520199,0.00136387692809506,0.33495430681671,0,0.067809187520199,0.0217391304347826,20,0.00108695652173913,uniform_chain_weight
23,16,0.00136387692809506,1.33495430681671,0,0.00136387692809506,0.33495430681671,0,0.067809187520199,0.00136387692809506,0.33495430681671,0,0.067809187520199,0.0217391304347826,20,0.00108695652173913,uniform_chain_weight
23,17,0.00136387692809506,1.33495430681671,0,0.00136387692809506,0.33495430681671,0,0.067809187520199,0.00136387692809506,0.33495430681671,0,0.067809187520199,0.0217391304347826,20,0.00108695652173913,uniform_chain_weight
23,18,0.00136387692809506,1.33495430681671,0,0.00136387692809506,0.33495430681671,0,0.067809187520199,0.00136387692809506,0.33495430681671,0,0.067809187520199,0.0217391304347826,20,0.00108695652173913,uniform_chain_weight
23,19,0.00136387692809506,1.33495430681671,0,0.00136387692809506,0.33495430681671,0,0.067809187520199,0.00136387692809506,0.33495430681671,0,0.067809187520199,0.0217391304347826,20,0.00108695652173913,uniform_chain_weight
23,20,0.00136387692809506,1.33495430681671,0,0.00136387692809506,0.33495430681671,0,0.067809187520199,0.00136387692809506,0.33495430681671,0,0.067809187520199,0.0217391304347826,20,0.00108695652173913,uniform_chain_weight
24,1,0,0.764056180667827,0,0,0,0,0,0,0,0,0,0.0217391304347826,20,0.00108695652173913,uniform_chain_weight
24,2,0,0.764056180667827,0,0,0,0,0,0,0,0,0,0.0217391304347826,20,0.00108695652173913,uniform_chain_weight
24,3,0,0.764056180667827,0,0,0,0,0,0,0,0,0,0.0217391304347826,20,0.00108695652173913,uniform_chain_weight
24,4,0,0.764056180667827,0,0,0,0,0,0,0,0,0,0.0217391304347826,20,0.00108695652173913,uniform_chain_weight
24,5,0,0.764056180667827,0,0,0,0,0,0,0,0,0,0.0217391304347826,20,0.00108695652173913,uniform_chain_weight
24,6,0,0.764056180667827,0,0,0,0,0,0,0,0,0,0.0217391304347826,20,0.00108695652173913,uniform_chain_weight
24,7,0,0.764056180667827,0,0,0,0,0,0,0,0,0,0.0217391304347826,20,0.00108695652173913,uniform_chain_weight
24,8,0,0.764056180667827,0,0,0,0,0,0,0,0,0,0.0217391304347826,20,0.00108695652173913,uniform_chain_weight
24,9,0,0.764056180667827,0,0,0,0,0,0,0,0,0,0.0217391304347826,20,0.00108695652173913,uniform_chain_weight
24,10,0,0.764056180667827,0,0,0,0,0,0,0,0,0,0.0217391304347826,20,0.00108695652173913,uniform_chain_weight
24,11,0,0.764056180667827,0,0,0,0,0,0,0,0,0,0.0217391304347826,20,0.00108695652173913,uniform_chain_weight
24,12,0,0.764056180667827,0,0,0,0,0,0,0,0,0,0.0217391304347826,20,0.00108695652173913,uniform_chain_weight
24,13,0,0.764056180667827,0,0,0,0,0,0,0,0,0,0.0217391304347826,20,0.00108695652173913,uniform_chain_weight
24,14,0,0.764056180667827,0,0,0,0,0,0,0,0,0,0.0217391304347826,20,0.00108695652173913,uniform_chain_weight
24,15,0,0.764056180667827,0,0,0,0,0,0,0,0,0,0.0217391304347826,20,0.00108695652173913,uniform_chain_weight
24,16,0,0.764056180667827,0,0,0,0,0,0,0,0,0,0.0217391304347826,20,0.00108695652173913,uniform_chain_weight
24,17,0,0.764056180667827,0,0,0,0,0,0,0,0,0,0.0217391304347826,20,0.00108695652173913,uniform_chain_weight
24,18,0,0.764056180667827,0,0,0,0,0,0,0,0,0,0.0217391304347826,20,0.00108695652173913,uniform_chain_weight
24,19,0,0.764056180667827,0,0,0,0,0,0,0,0,0,0.0217391304347826,20,0.00108695652173913,uniform_chain_weight
24,20,0,0.764056180667827,0,0,0,0,0,0,0,0,0,0.0217391304347826,20,0.00108695652173913,uniform_chain_weight
25,1,0,0.825934225800928,0,0,0,0,0,0,0,0,0,0.0217391304347826,20,0.00108695652173913,uniform_chain_weight
25,2,0,0.825934225800928,0,0,0,0,0,0,0,0,0,0.0217391304347826,20,0.00108695652173913,uniform_chain_weight
25,3,0,0.825934225800928,0,0,0,0,0,0,0,0,0,0.0217391304347826,20,0.00108695652173913,uniform_chain_weight
25,4,0,0.825934225800928,0,0,0,0,0,0,0,0,0,0.0217391304347826,20,0.00108695652173913,uniform_chain_weight
25,5,0,0.825934225800928,0,0,0,0,0,0,0,0,0,0.0217391304347826,20,0.00108695652173913,uniform_chain_weight
25,6,0.294056982234424,0.865107223734734,0,0.294056982234424,0,0,0.176434189340654,0.294056982234424,0,0,0.176434189340654,0.0217391304347826,20,0.00108695652173913,uniform_chain_weight
25,7,0,0.825934225800928,0,0,0,0,0,0,0,0,0,0.0217391304347826,20,0.00108695652173913,uniform_chain_weight
25,8,0,0.825934225800928,0,0,0,0,0,0,0,0,0,0.0217391304347826,20,0.00108695652173913,uniform_chain_weight
25,9,0,0.825934225800928,0,0,0,0,0,0,0,0,0,0.0217391304347826,20,0.00108695652173913,uniform_chain_weight
25,10,0,0.825934225800928,0,0,0,0,0,0,0,0,0,0.0217391304347826,20,0.00108695652173913,uniform_chain_weight
25,11,0,0.825934225800928,0,0,0,0,0,0,0,0,0,0.0217391304347826,20,0.00108695652173913,uniform_chain_weight
25,12,0,0.825934225800928,0,0,0,0,0,0,0,0,0,0.0217391304347826,20,0.00108695652173913,uniform_chain_weight
25,13,0.294056982234424,0.865107223734734,0,0.294056982234424,0,0,0.176434189340654,0.294056982234424,0,0,0.176434189340654,0.0217391304347826,20,0.00108695652173913,uniform_chain_weight
25,14,0,0.825934225800928,0,0,0,0,0,0,0,0,0,0.0217391304347826,20,0.00108695652173913,uniform_chain_weight
25,15,0,0.825934225800928,0,0,0,0,0,0,0,0,0,0.0217391304347826,20,0.00108695652173913,uniform_chain_weight
25,16,0,0.825934225800928,0,0,0,0,0,0,0,0,0,0.0217391304347826,20,0.00108695652173913,uniform_chain_weight
25,17,0,0.825934225800928,0,0,0,0,0,0,0,0,0,0.0217391304347826,20,0.00108695652173913,uniform_chain_weight
25,18,0,0.825934225800928,0,0,0,0,0,0,0,0,0,0.0217391304347826,20,0.00108695652173913,uniform_chain_weight
25,19,0,0.825934225800928,0,0,0,0,0,0,0,0,0,0.0217391304347826,20,0.00108695652173913,uniform_chain_weight
25,20,0,0.825934225800928,0,0,0,0,0,0,0,0,0,0.0217391304347826,20,0.00108695652173913,uniform_chain_weight
26,1,0,0.856484700183187,0,0,0,0,0,0,0,0,0,0.0217391304347826,20,0.00108695652173913,uniform_chain_weight
26,2,0,0.856484700183187,0,0,0,0,0,0,0,0,0,0.0217391304347826,20,0.00108695652173913,uniform_chain_weight
26,3,0,0.856484700183187,0,0,0,0,0,0,0,0,0,0.0217391304347826,20,0.00108695652173913,uniform_chain_weight
26,4,0,0.856484700183187,0,0,0,0,0,0,0,0,0,0.0217391304347826,20,0.00108695652173913,uniform_chain_weight
26,5,0,0.856484700183187,0,0,0,0,0,0,0,0,0,0.0217391304347826,20,0.00108695652173913,uniform_chain_weight
26,6,0,0.856484700183187,0,0,0,0,0,0,0,0,0,0.0217391304347826,20,0.00108695652173913,uniform_chain_weight
26,7,0,0.856484700183187,0,0,0,0,0,0,0,0,0,0.0217391304347826,20,0.00108695652173913,uniform_chain_weight
26,8,0,0.856484700183187,0,0,0,0,0,0,0,0,0,0.0217391304347826,20,0.00108695652173913,uniform_chain_weight
26,9,0,0.856484700183187,0,0,0,0,0,0,0,0,0,0.0217391304347826,20,0.00108695652173913,uniform_chain_weight
26,10,0,0.856484700183187,0,0,0,0,0,0,0,0,0,0.0217391304347826,20,0.00108695652173913,uniform_chain_weight
26,11,0,0.856484700183187,0,0,0,0,0,0,0,0,0,0.0217391304347826,20,0.00108695652173913,uniform_chain_weight
26,12,0,0.856484700183187,0,0,0,0,0,0,0,0,0,0.0217391304347826,20,0.00108695652173913,uniform_chain_weight
26,13,0,0.856484700183187,0,0,0,0,0,0,0,0,0,0.0217391304347826,20,0.00108695652173913,uniform_chain_weight
26,14,0,0.856484700183187,0,0,0,0,0,0,0,0,0,0.0217391304347826,20,0.00108695652173913,uniform_chain_weight
26,15,0,0.856484700183187,0,0,0,0,0,0,0,0,0,0.0217391304347826,20,0.00108695652173913,uniform_chain_weight
26,16,0,0.856484700183187,0,0,0,0,0,0,0,0,0,0.0217391304347826,20,0.00108695652173913,uniform_chain_weight
26,17,0,0.856484700183187,0,0,0,0,0,0,0,0,0,0.0217391304347826,20,0.00108695652173913,uniform_chain_weight
26,18,0,0.856484700183187,0,0,0,0,0,0,0,0,0,0.0217391304347826,20,0.00108695652173913,uniform_chain_weight
26,19,0,0.856484700183187,0,0,0,0,0,0,0,0,0,0.0217391304347826,20,0.00108695652173913,uniform_chain_weight
26,20,0,0.856484700183187,0,0,0,0,0,0,0,0,0,0.0217391304347826,20,0.00108695652173913,uniform_chain_weight
27,1,0.10872641396303,0.817394106291268,0,0.10872641396303,0,0,0.065235848377818,0.10872641396303,0,0,0.065235848377818,0.0217391304347826,20,0.00108695652173913,uniform_chain_weight
27,2,0.10872641396303,0.817394106291268,0,0.10872641396303,0,0,0.065235848377818,0.10872641396303,0,0,0.065235848377818,0.0217391304347826,20,0.00108695652173913,uniform_chain_weight
27,3,0.10872641396303,0.817394106291268,0,0.10872641396303,0,0,0.065235848377818,0.10872641396303,0,0,0.065235848377818,0.0217391304347826,20,0.00108695652173913,uniform_chain_weight
27,4,0.10872641396303,0.817394106291268,0,0.10872641396303,0,0,0.065235848377818,0.10872641396303,0,0,0.065235848377818,0.0217391304347826,20,0.00108695652173913,uniform_chain_weight
27,5,0.10872641396303,0.817394106291268,0,0.10872641396303,0,0,0.065235848377818,0.10872641396303,0,0,0.065235848377818,0.0217391304347826,20,0.00108695652173913,uniform_chain_weight
27,6,0.10872641396303,0.817394106291268,0,0.10872641396303,0,0,0.065235848377818,0.10872641396303,0,0,0.065235848377818,0.0217391304347826,20,0.00108695652173913,uniform_chain_weight
27,7,0.10872641396303,0.817394106291268,0,0.10872641396303,0,0,0.065235848377818,0.10872641396303,0,0,0.065235848377818,0.0217391304347826,20,0.00108695652173913,uniform_chain_weight
27,8,0.10872641396303,0.817394106291268,0,0.10872641396303,0,0,0.065235848377818,0.10872641396303,0,0,0.065235848377818,0.0217391304347826,20,0.00108695652173913,uniform_chain_weight
27,9,0.10872641396303,0.817394106291268,0,0.10872641396303,0,0,0.065235848377818,0.10872641396303,0,0,0.065235848377818,0.0217391304347826,20,0.00108695652173913,uniform_chain_weight
27,10,0.10872641396303,0.817394106291268,0,0.10872641396303,0,0,0.065235848377818,0.10872641396303,0,0,0.065235848377818,0.0217391304347826,20,0.00108695652173913,uniform_chain_weight
27,11,0.10872641396303,0.817394106291268,0,0.10872641396303,0,0,0.065235848377818,0.10872641396303,0,0,0.065235848377818,0.0217391304347826,20,0.00108695652173913,uniform_chain_weight
27,12,0.10872641396303,0.817394106291268,0,0.10872641396303,0,0,0.065235848377818,0.10872641396303,0,0,0.065235848377818,0.0217391304347826,20,0.00108695652173913,uniform_chain_weight
27,13,0.10872641396303,0.817394106291268,0,0.10872641396303,0,0,0.065235848377818,0.10872641396303,0,0,0.065235848377818,0.0217391304347826,20,0.00108695652173913,uniform_chain_weight
27,14,0.10872641396303,0.817394106291268,0,0.10872641396303,0,0,0.065235848377818,0.10872641396303,0,0,0.065235848377818,0.0217391304347826,20,0.00108695652173913,uniform_chain_weight
27,15,0.10872641396303,0.817394106291268,0,0.10872641396303,0,0,0.065235848377818,0.10872641396303,0,0,0.065235848377818,0.0217391304347826,20,0.00108695652173913,uniform_chain_weight
27,16,0.10872641396303,0.817394106291268,0,0.10872641396303,0,0,0.065235848377818,0.10872641396303,0,0,0.065235848377818,0.0217391304347826,20,0.00108695652173913,uniform_chain_weight
27,17,0.10872641396303,0.817394106291268,0,0.10872641396303,0,0,0.065235848377818,0.10872641396303,0,0,0.065235848377818,0.0217391304347826,20,0.00108695652173913,uniform_chain_weight
27,18,0.10872641396303,0.817394106291268,0,0.10872641396303,0,0,0.065235848377818,0.10872641396303,0,0,0.065235848377818,0.0217391304347826,20,0.00108695652173913,uniform_chain_weight
27,19,0.10872641396303,0.817394106291268,0,0.10872641396303,0,0,0.065235848377818,0.10872641396303,0,0,0.065235848377818,0.0217391304347826,20,0.00108695652173913,uniform_chain_weight
27,20,0.10872641396303,0.817394106291268,0,0.10872641396303,0,0,0.065235848377818,0.10872641396303,0,0,0.065235848377818,0.0217391304347826,20,0.00108695652173913,uniform_chain_weight
28,1,0.216292948932163,1.65134544768831,0.150745040419264,0.216292948932163,0.65134544768831,0.150745040419264,0.290193866980813,0.216292948932163,0.65134544768831,0.150745040419264,0.290193866980813,0.0217391304347826,20,0.00108695652173913,uniform_chain_weight
28,2,0,1.14522930283294,0,0,0.14522930283294,0,0.029045860566588,0,0.14522930283294,0,0.029045860566588,0.0217391304347826,20,0.00108695652173913,uniform_chain_weight
28,3,0.300957112226445,1.98572883871311,0.196175810999135,0.300957112226445,0.98572883871311,0.196175810999135,0.416955197278316,0.300957112226445,0.98572883871311,0.196175810999135,0.416955197278316,0.0217391304347826,20,0.00108695652173913,uniform_chain_weight
28,4,0.216292948932163,1.65134544768831,0.150745040419264,0.216292948932163,0.65134544768831,0.150745040419264,0.290193866980813,0.216292948932163,0.65134544768831,0.150745040419264,0.290193866980813,0.0217391304347826,20,0.00108695652173913,uniform_chain_weight
28,5,0,1.14522930283294,0,0,0.14522930283294,0,0.029045860566588,0,0.14522930283294,0,0.029045860566588,0.0217391304347826,20,0.00108695652173913,uniform_chain_weight
28,6,0.0833835660025295,1.14522930283294,0,0.0833835660025295,0.14522930283294,0,0.0790760001681057,0.0833835660025295,0.14522930283294,0,0.0790760001681057,0.0217391304347826,20,0.00108695652173913,uniform_chain_weight
28,7,0.0833835660025295,1.14522930283294,0,0.0833835660025295,0.14522930283294,0,0.0790760001681057,0.0833835660025295,0.14522930283294,0,0.0790760001681057,0.0217391304347826,20,0.00108695652173913,uniform_chain_weight
28,8,0,1.14522930283294,0,0,0.14522930283294,0,0.029045860566588,0,0.14522930283294,0,0.029045860566588,0.0217391304347826,20,0.00108695652173913,uniform_chain_weight
28,9,0.0833835660025295,1.14522930283294,0,0.0833835660025295,0.14522930283294,0,0.0790760001681057,0.0833835660025295,0.14522930283294,0,0.0790760001681057,0.0217391304347826,20,0.00108695652173913,uniform_chain_weight
28,10,0.0833835660025295,1.14522930283294,0,0.0833835660025295,0.14522930283294,0,0.0790760001681057,0.0833835660025295,0.14522930283294,0,0.0790760001681057,0.0217391304347826,20,0.00108695652173913,uniform_chain_weight
28,11,0.0833835660025295,1.14522930283294,0,0.0833835660025295,0.14522930283294,0,0.0790760001681057,0.0833835660025295,0.14522930283294,0,0.0790760001681057,0.0217391304347826,20,0.00108695652173913,uniform_chain_weight
28,12,0,1.14522930283294,0,0,0.14522930283294,0,0.029045860566588,0,0.14522930283294,0,0.029045860566588,0.0217391304347826,20,0.00108695652173913,uniform_chain_weight
28,13,0.0833835660025295,1.14522930283294,0,0.0833835660025295,0.14522930283294,0,0.0790760001681057,0.0833835660025295,0.14522930283294,0,0.0790760001681057,0.0217391304347826,20,0.00108695652173913,uniform_chain_weight
28,14,0.0833835660025295,1.14522930283294,0,0.0833835660025295,0.14522930283294,0,0.0790760001681057,0.0833835660025295,0.14522930283294,0,0.0790760001681057,0.0217391304347826,20,0.00108695652173913,uniform_chain_weight
28,15,0.0833835660025295,1.14522930283294,0,0.0833835660025295,0.14522930283294,0,0.0790760001681057,0.0833835660025295,0.14522930283294,0,0.0790760001681057,0.0217391304347826,20,0.00108695652173913,uniform_chain_weight
28,16,0,1.14522930283294,0,0,0.14522930283294,0,0.029045860566588,0,0.14522930283294,0,0.029045860566588,0.0217391304347826,20,0.00108695652173913,uniform_chain_weight
28,17,0.0833835660025295,1.14522930283294,0,0.0833835660025295,0.14522930283294,0,0.0790760001681057,0.0833835660025295,0.14522930283294,0,0.0790760001681057,0.0217391304347826,20,0.00108695652173913,uniform_chain_weight
28,18,0.0833835660025295,1.14522930283294,0,0.0833835660025295,0.14522930283294,0,0.0790760001681057,0.0833835660025295,0.14522930283294,0,0.0790760001681057,0.0217391304347826,20,0.00108695652173913,uniform_chain_weight
28,19,0.0833835660025295,1.14522930283294,0,0.0833835660025295,0.14522930283294,0,0.0790760001681057,0.0833835660025295,0.14522930283294,0,0.0790760001681057,0.0217391304347826,20,0.00108695652173913,uniform_chain_weight
28,20,0.572663821125862,2.29653313055615,0.129368419703748,0.572663821125862,1.29653313055615,0.129368419703748,0.628778602727497,0.572663821125862,1.29653313055615,0.129368419703748,0.628778602727497,0.0217391304347826,20,0.00108695652173913,uniform_chain_weight
29,1,0,0.770721867934168,0,0,0,0,0,0,0,0,0,0.0217391304347826,20,0.00108695652173913,uniform_chain_weight
29,2,0,0.770721867934168,0,0,0,0,0,0,0,0,0,0.0217391304347826,20,0.00108695652173913,uniform_chain_weight
29,3,0,0.770721867934168,0,0,0,0,0,0,0,0,0,0.0217391304347826,20,0.00108695652173913,uniform_chain_weight
29,4,0,0.770721867934168,0,0,0,0,0,0,0,0,0,0.0217391304347826,20,0.00108695652173913,uniform_chain_weight
29,5,0,0.770721867934168,0,0,0,0,0,0,0,0,0,0.0217391304347826,20,0.00108695652173913,uniform_chain_weight
29,6,0,0.770721867934168,0,0,0,0,0,0,0,0,0,0.0217391304347826,20,0.00108695652173913,uniform_chain_weight
29,7,0,0.770721867934168,0,0,0,0,0,0,0,0,0,0.0217391304347826,20,0.00108695652173913,uniform_chain_weight
29,8,0,0.770721867934168,0,0,0,0,0,0,0,0,0,0.0217391304347826,20,0.00108695652173913,uniform_chain_weight
29,9,0,0.770721867934168,0,0,0,0,0,0,0,0,0,0.0217391304347826,20,0.00108695652173913,uniform_chain_weight
29,10,0,0.770721867934168,0,0,0,0,0,0,0,0,0,0.0217391304347826,20,0.00108695652173913,uniform_chain_weight
29,11,0,0.770721867934168,0,0,0,0,0,0,0,0,0,0.0217391304347826,20,0.00108695652173913,uniform_chain_weight
29,12,0,0.770721867934168,0,0,0,0,0,0,0,0,0,0.0217391304347826,20,0.00108695652173913,uniform_chain_weight
29,13,0,0.770721867934168,0,0,0,0,0,0,0,0,0,0.0217391304347826,20,0.00108695652173913,uniform_chain_weight
29,14,0,0.770721867934168,0,0,0,0,0,0,0,0,0,0.0217391304347826,20,0.00108695652173913,uniform_chain_weight
29,15,0,0.770721867934168,0,0,0,0,0,0,0,0,0,0.0217391304347826,20,0.00108695652173913,uniform_chain_weight
29,16,0,0.770721867934168,0,0,0,0,0,0,0,0,0,0.0217391304347826,20,0.00108695652173913,uniform_chain_weight
29,17,0,0.770721867934168,0,0,0,0,0,0,0,0,0,0.0217391304347826,20,0.00108695652173913,uniform_chain_weight
29,18,0,0.770721867934168,0,0,0,0,0,0,0,0,0,0.0217391304347826,20,0.00108695652173913,uniform_chain_weight
29,19,0,0.770721867934168,0,0,0,0,0,0,0,0,0,0.0217391304347826,20,0.00108695652173913,uniform_chain_weight
29,20,0,0.770721867934168,0,0,0,0,0,0,0,0,0,0.0217391304347826,20,0.00108695652173913,uniform_chain_weight
30,1,0,0.860366745796546,0,0,0,0,0,0,0,0,0,0.0217391304347826,20,0.00108695652173913,uniform_chain_weight
30,2,0,0.860366745796546,0,0,0,0,0,0,0,0,0,0.0217391304347826,20,0.00108695652173913,uniform_chain_weight
30,3,0,0.860366745796546,0,0,0,0,0,0,0,0,0,0.0217391304347826,20,0.00108695652173913,uniform_chain_weight
30,4,0,0.860366745796546,0,0,0,0,0,0,0,0,0,0.0217391304347826,20,0.00108695652173913,uniform_chain_weight
30,5,0,0.860366745796546,0,0,0,0,0,0,0,0,0,0.0217391304347826,20,0.00108695652173913,uniform_chain_weight
30,6,0,0.860366745796546,0,0,0,0,0,0,0,0,0,0.0217391304347826,20,0.00108695652173913,uniform_chain_weight
30,7,0,0.860366745796546,0,0,0,0,0,0,0,0,0,0.0217391304347826,20,0.00108695652173913,uniform_chain_weight
30,8,0,0.860366745796546,0,0,0,0,0,0,0,0,0,0.0217391304347826,20,0.00108695652173913,uniform_chain_weight
30,9,0,0.860366745796546,0,0,0,0,0,0,0,0,0,0.0217391304347826,20,0.00108695652173913,uniform_chain_weight
30,10,0,0.860366745796546,0,0,0,0,0,0,0,0,0,0.0217391304347826,20,0.00108695652173913,uniform_chain_weight
30,11,0,0.860366745796546,0,0,0,0,0,0,0,0,0,0.0217391304347826,20,0.00108695652173913,uniform_chain_weight
30,12,0,0.860366745796546,0,0,0,0,0,0,0,0,0,0.0217391304347826,20,0.00108695652173913,uniform_chain_weight
30,13,0,0.860366745796546,0,0,0,0,0,0,0,0,0,0.0217391304347826,20,0.00108695652173913,uniform_chain_weight
30,14,0,0.860366745796546,0,0,0,0,0,0,0,0,0,0.0217391304347826,20,0.00108695652173913,uniform_chain_weight
30,15,0,0.860366745796546,0,0,0,0,0,0,0,0,0,0.0217391304347826,20,0.00108695652173913,uniform_chain_weight
30,16,0,0.860366745796546,0,0,0,0,0,0,0,0,0,0.0217391304347826,20,0.00108695652173913,uniform_chain_weight
30,17,0,0.860366745796546,0,0,0,0,0,0,0,0,0,0.0217391304347826,20,0.00108695652173913,uniform_chain_weight
30,18,0,0.860366745796546,0,0,0,0,0,0,0,0,0,0.0217391304347826,20,0.00108695652173913,uniform_chain_weight
30,19,0,0.860366745796546,0,0,0,0,0,0,0,0,0,0.0217391304347826,20,0.00108695652173913,uniform_chain_weight
30,20,0,0.860366745796546,0,0,0,0,0,0,0,0,0,0.0217391304347826,20,0.00108695652173913,uniform_chain_weight
31,1,0,0.766018855210176,0,0,0,0,0,0,0,0,0,0.0217391304347826,20,0.00108695652173913,uniform_chain_weight
31,2,0,0.766018855210176,0,0,0,0,0,0,0,0,0,0.0217391304347826,20,0.00108695652173913,uniform_chain_weight
31,3,0.00136387692809506,1.33525106008434,0,0.00136387692809506,0.33525106008434,0,0.067868538173725,0.00136387692809506,0.33525106008434,0,0.067868538173725,0.0217391304347826,20,0.00108695652173913,uniform_chain_weight
31,4,0,0.766018855210176,0,0,0,0,0,0,0,0,0,0.0217391304347826,20,0.00108695652173913,uniform_chain_weight
31,5,0,0.766018855210176,0,0,0,0,0,0,0,0,0,0.0217391304347826,20,0.00108695652173913,uniform_chain_weight
31,6,0,0.766018855210176,0,0,0,0,0,0,0,0,0,0.0217391304347826,20,0.00108695652173913,uniform_chain_weight
31,7,0,0.766018855210176,0,0,0,0,0,0,0,0,0,0.0217391304347826,20,0.00108695652173913,uniform_chain_weight
31,8,0,0.766018855210176,0,0,0,0,0,0,0,0,0,0.0217391304347826,20,0.00108695652173913,uniform_chain_weight
31,9,0,0.766018855210176,0,0,0,0,0,0,0,0,0,0.0217391304347826,20,0.00108695652173913,uniform_chain_weight
31,10,0,0.766018855210176,0,0,0,0,0,0,0,0,0,0.0217391304347826,20,0.00108695652173913,uniform_chain_weight
31,11,0,0.766018855210176,0,0,0,0,0,0,0,0,0,0.0217391304347826,20,0.00108695652173913,uniform_chain_weight
31,12,0,0.766018855210176,0,0,0,0,0,0,0,0,0,0.0217391304347826,20,0.00108695652173913,uniform_chain_weight
31,13,0,0.766018855210176,0,0,0,0,0,0,0,0,0,0.0217391304347826,20,0.00108695652173913,uniform_chain_weight
31,14,0,0.766018855210176,0,0,0,0,0,0,0,0,0,0.0217391304347826,20,0.00108695652173913,uniform_chain_weight
31,15,0,0.766018855210176,0,0,0,0,0,0,0,0,0,0.0217391304347826,20,0.00108695652173913,uniform_chain_weight
31,16,0,0.766018855210176,0,0,0,0,0,0,0,0,0,0.0217391304347826,20,0.00108695652173913,uniform_chain_weight
31,17,0,0.766018855210176,0,0,0,0,0,0,0,0,0,0.0217391304347826,20,0.00108695652173913,uniform_chain_weight
31,18,0,0.766018855210176,0,0,0,0,0,0,0,0,0,0.0217391304347826,20,0.00108695652173913,uniform_chain_weight
31,19,0,0.766018855210176,0,0,0,0,0,0,0,0,0,0.0217391304347826,20,0.00108695652173913,uniform_chain_weight
31,20,0,0.766018855210176,0,0,0,0,0,0,0,0,0,0.0217391304347826,20,0.00108695652173913,uniform_chain_weight
32,1,0.10872641396303,1.05374989502987,0,0.10872641396303,0.05374989502987,0,0.075985827383792,0.10872641396303,0.05374989502987,0,0.075985827383792,0.0217391304347826,20,0.00108695652173913,uniform_chain_weight
32,2,0.10872641396303,1.05374989502987,0,0.10872641396303,0.05374989502987,0,0.075985827383792,0.10872641396303,0.05374989502987,0,0.075985827383792,0.0217391304347826,20,0.00108695652173913,uniform_chain_weight
32,3,0.10872641396303,1.05374989502987,0,0.10872641396303,0.05374989502987,0,0.075985827383792,0.10872641396303,0.05374989502987,0,0.075985827383792,0.0217391304347826,20,0.00108695652173913,uniform_chain_weight
32,4,0.10872641396303,1.05374989502987,0,0.10872641396303,0.05374989502987,0,0.075985827383792,0.10872641396303,0.05374989502987,0,0.075985827383792,0.0217391304347826,20,0.00108695652173913,uniform_chain_weight
32,5,0.10872641396303,1.05374989502987,0,0.10872641396303,0.05374989502987,0,0.075985827383792,0.10872641396303,0.05374989502987,0,0.075985827383792,0.0217391304347826,20,0.00108695652173913,uniform_chain_weight
32,6,0.244827101018031,1.48931426544194,0.196175810999135,0.244827101018031,0.48931426544194,0.196175810999135,0.283994275899034,0.244827101018031,0.48931426544194,0.196175810999135,0.283994275899034,0.0217391304347826,20,0.00108695652173913,uniform_chain_weight
32,7,0.10872641396303,1.05374989502987,0,0.10872641396303,0.05374989502987,0,0.075985827383792,0.10872641396303,0.05374989502987,0,0.075985827383792,0.0217391304347826,20,0.00108695652173913,uniform_chain_weight
32,8,0.10872641396303,1.05374989502987,0,0.10872641396303,0.05374989502987,0,0.075985827383792,0.10872641396303,0.05374989502987,0,0.075985827383792,0.0217391304347826,20,0.00108695652173913,uniform_chain_weight
32,9,0.10872641396303,1.05374989502987,0,0.10872641396303,0.05374989502987,0,0.075985827383792,0.10872641396303,0.05374989502987,0,0.075985827383792,0.0217391304347826,20,0.00108695652173913,uniform_chain_weight
32,10,0.10872641396303,1.05374989502987,0,0.10872641396303,0.05374989502987,0,0.075985827383792,0.10872641396303,0.05374989502987,0,0.075985827383792,0.0217391304347826,20,0.00108695652173913,uniform_chain_weight
32,11,0.10872641396303,1.05374989502987,0,0.10872641396303,0.05374989502987,0,0.075985827383792,0.10872641396303,0.05374989502987,0,0.075985827383792,0.0217391304347826,20,0.00108695652173913,uniform_chain_weight
32,12,0.10872641396303,1.05374989502987,0,0.10872641396303,0.05374989502987,0,0.075985827383792,0.10872641396303,0.05374989502987,0,0.075985827383792,0.0217391304347826,20,0.00108695652173913,uniform_chain_weight
32,13,0.10872641396303,1.05374989502987,0,0.10872641396303,0.05374989502987,0,0.075985827383792,0.10872641396303,0.05374989502987,0,0.075985827383792,0.0217391304347826,20,0.00108695652173913,uniform_chain_weight
32,14,0.10872641396303,1.05374989502987,0,0.10872641396303,0.05374989502987,0,0.075985827383792,0.10872641396303,0.05374989502987,0,0.075985827383792,0.0217391304347826,20,0.00108695652173913,uniform_chain_weight
32,15,0.10872641396303,1.05374989502987,0,0.10872641396303,0.05374989502987,0,0.075985827383792,0.10872641396303,0.05374989502987,0,0.075985827383792,0.0217391304347826,20,0.00108695652173913,uniform_chain_weight
32,16,0.10872641396303,1.05374989502987,0,0.10872641396303,0.05374989502987,0,0.075985827383792,0.10872641396303,0.05374989502987,0,0.075985827383792,0.0217391304347826,20,0.00108695652173913,uniform_chain_weight
32,17,0.10872641396303,1.05374989502987,0,0.10872641396303,0.05374989502987,0,0.075985827383792,0.10872641396303,0.05374989502987,0,0.075985827383792,0.0217391304347826,20,0.00108695652173913,uniform_chain_weight
32,18,0.10872641396303,1.05374989502987,0,0.10872641396303,0.05374989502987,0,0.075985827383792,0.10872641396303,0.05374989502987,0,0.075985827383792,0.0217391304347826,20,0.00108695652173913,uniform_chain_weight
32,19,0.10872641396303,1.05374989502987,0,0.10872641396303,0.05374989502987,0,0.075985827383792,0.10872641396303,0.05374989502987,0,0.075985827383792,0.0217391304347826,20,0.00108695652173913,uniform_chain_weight
32,20,0.10872641396303,1.05374989502987,0,0.10872641396303,0.05374989502987,0,0.075985827383792,0.10872641396303,0.05374989502987,0,0.075985827383792,0.0217391304347826,20,0.00108695652173913,uniform_chain_weight
33,1,0,0.931640221668631,0,0,0,0,0,0,0,0,0,0.0217391304347826,20,0.00108695652173913,uniform_chain_weight
33,2,0.69960309262691,2.23808475209611,0.124751153306242,0.69960309262691,1.23808475209611,0.124751153306242,0.692329036656616,0.69960309262691,1.23808475209611,0.124751153306242,0.692329036656616,0.0217391304347826,20,0.00108695652173913,uniform_chain_weight
33,3,0,0.931640221668631,0,0,0,0,0,0,0,0,0,0.0217391304347826,20,0.00108695652173913,uniform_chain_weight
33,4,0,0.931640221668631,0,0,0,0,0,0,0,0,0,0.0217391304347826,20,0.00108695652173913,uniform_chain_weight
33,5,0,0.931640221668631,0,0,0,0,0,0,0,0,0,0.0217391304347826,20,0.00108695652173913,uniform_chain_weight
33,6,0,0.931640221668631,0,0,0,0,0,0,0,0,0,0.0217391304347826,20,0.00108695652173913,uniform_chain_weight
33,7,0,0.931640221668631,0,0,0,0,0,0,0,0,0,0.0217391304347826,20,0.00108695652173913,uniform_chain_weight
33,8,0,0.931640221668631,0,0,0,0,0,0,0,0,0,0.0217391304347826,20,0.00108695652173913,uniform_chain_weight
33,9,0,0.931640221668631,0,0,0,0,0,0,0,0,0,0.0217391304347826,20,0.00108695652173913,uniform_chain_weight
33,10,0,0.931640221668631,0,0,0,0,0,0,0,0,0,0.0217391304347826,20,0.00108695652173913,uniform_chain_weight
33,11,0,0.931640221668631,0,0,0,0,0,0,0,0,0,0.0217391304347826,20,0.00108695652173913,uniform_chain_weight
33,12,0,0.931640221668631,0,0,0,0,0,0,0,0,0,0.0217391304347826,20,0.00108695652173913,uniform_chain_weight
33,13,0,0.931640221668631,0,0,0,0,0,0,0,0,0,0.0217391304347826,20,0.00108695652173913,uniform_chain_weight
33,14,0,0.931640221668631,0,0,0,0,0,0,0,0,0,0.0217391304347826,20,0.00108695652173913,uniform_chain_weight
33,15,0,0.931640221668631,0,0,0,0,0,0,0,0,0,0.0217391304347826,20,0.00108695652173913,uniform_chain_weight
33,16,0,0.931640221668631,0,0,0,0,0,0,0,0,0,0.0217391304347826,20,0.00108695652173913,uniform_chain_weight
33,17,0,0.931640221668631,0,0,0,0,0,0,0,0,0,0.0217391304347826,20,0.00108695652173913,uniform_chain_weight
33,18,0,0.931640221668631,0,0,0,0,0,0,0,0,0,0.0217391304347826,20,0.00108695652173913,uniform_chain_weight
33,19,0,0.931640221668631,0,0,0,0,0,0,0,0,0,0.0217391304347826,20,0.00108695652173913,uniform_chain_weight
33,20,0.701359799687571,2.18218279669995,0.239082903158542,0.701359799687571,1.18218279669995,0.239082903158542,0.705069019784241,0.701359799687571,1.18218279669995,0.239082903158542,0.705069019784241,0.0217391304347826,20,0.00108695652173913,uniform_chain_weight
34,1,0,0.853252861013042,0,0,0,0,0,0,0,0,0,0.0217391304347826,20,0.00108695652173913,uniform_chain_weight
34,2,0,0.853252861013042,0,0,0,0,0,0,0,0,0,0.0217391304347826,20,0.00108695652173913,uniform_chain_weight
34,3,0,0.853252861013042,0,0,0,0,0,0,0,0,0,0.0217391304347826,20,0.00108695652173913,uniform_chain_weight
34,4,0,0.853252861013042,0,0,0,0,0,0,0,0,0,0.0217391304347826,20,0.00108695652173913,uniform_chain_weight
34,5,0,0.853252861013042,0,0,0,0,0,0,0,0,0,0.0217391304347826,20,0.00108695652173913,uniform_chain_weight
34,6,0,0.853252861013042,0,0,0,0,0,0,0,0,0,0.0217391304347826,20,0.00108695652173913,uniform_chain_weight
34,7,0,0.853252861013042,0,0,0,0,0,0,0,0,0,0.0217391304347826,20,0.00108695652173913,uniform_chain_weight
34,8,0,0.853252861013042,0,0,0,0,0,0,0,0,0,0.0217391304347826,20,0.00108695652173913,uniform_chain_weight
34,9,0,0.853252861013042,0,0,0,0,0,0,0,0,0,0.0217391304347826,20,0.00108695652173913,uniform_chain_weight
34,10,0,0.853252861013042,0,0,0,0,0,0,0,0,0,0.0217391304347826,20,0.00108695652173913,uniform_chain_weight
34,11,0,0.853252861013042,0,0,0,0,0,0,0,0,0,0.0217391304347826,20,0.00108695652173913,uniform_chain_weight
34,12,0,0.853252861013042,0,0,0,0,0,0,0,0,0,0.0217391304347826,20,0.00108695652173913,uniform_chain_weight
34,13,0,0.853252861013042,0,0,0,0,0,0,0,0,0,0.0217391304347826,20,0.00108695652173913,uniform_chain_weight
34,14,0.36825,1.73277181323348,0.0974151036662139,0.36825,0.73277181323348,0.0974151036662139,0.386987383379939,0.36825,0.73277181323348,0.0974151036662139,0.386987383379939,0.0217391304347826,20,0.00108695652173913,uniform_chain_weight
34,15,0,0.853252861013042,0,0,0,0,0,0,0,0,0,0.0217391304347826,20,0.00108695652173913,uniform_chain_weight
34,16,0,0.853252861013042,0,0,0,0,0,0,0,0,0,0.0217391304347826,20,0.00108695652173913,uniform_chain_weight
34,17,0,0.853252861013042,0,0,0,0,0,0,0,0,0,0.0217391304347826,20,0.00108695652173913,uniform_chain_weight
34,18,0,0.853252861013042,0,0,0,0,0,0,0,0,0,0.0217391304347826,20,0.00108695652173913,uniform_chain_weight
34,19,0,0.853252861013042,0,0,0,0,0,0,0,0,0,0.0217391304347826,20,0.00108695652173913,uniform_chain_weight
34,20,0,0.853252861013042,0,0,0,0,0,0,0,0,0,0.0217391304347826,20,0.00108695652173913,uniform_chain_weight
35,1,0.0889158217718248,1.61814767694114,0,0.0889158217718248,0.61814767694114,0,0.176979028451323,0.0889158217718248,0.61814767694114,0,0.176979028451323,0.0217391304347826,20,0.00108695652173913,uniform_chain_weight
35,2,0.0889158217718248,1.61814767694114,0,0.0889158217718248,0.61814767694114,0,0.176979028451323,0.0889158217718248,0.61814767694114,0,0.176979028451323,0.0217391304347826,20,0.00108695652173913,uniform_chain_weight
35,3,0.361224723107401,2.89627659982402,0.169422361819387,0.361224723107401,1.89627659982402,0.169422361819387,0.629874626193122,0.361224723107401,1.89627659982402,0.169422361819387,0.629874626193122,0.0217391304347826,20,0.00108695652173913,uniform_chain_weight
35,4,0.565583213281251,2.43064367381947,0.0980987967047739,0.565583213281251,1.43064367381947,0.0980987967047739,0.645098422073599,0.565583213281251,1.43064367381947,0.0980987967047739,0.645098422073599,0.0217391304347826,20,0.00108695652173913,uniform_chain_weight
35,5,0.565583213281251,2.43064367381947,0.0980987967047739,0.565583213281251,1.43064367381947,0.0980987967047739,0.645098422073599,0.565583213281251,1.43064367381947,0.0980987967047739,0.645098422073599,0.0217391304347826,20,0.00108695652173913,uniform_chain_weight
35,6,0.565583213281251,2.42806266068632,0.208859021494972,0.565583213281251,1.42806266068632,0.208859021494972,0.666734264405009,0.565583213281251,1.42806266068632,0.208859021494972,0.666734264405009,0.0217391304347826,20,0.00108695652173913,uniform_chain_weight
35,7,0.565583213281251,2.43064367381947,0.133128132979648,0.565583213281251,1.43064367381947,0.133128132979648,0.652104289328574,0.565583213281251,1.43064367381947,0.133128132979648,0.652104289328574,0.0217391304347826,20,0.00108695652173913,uniform_chain_weight
35,8,0.0889158217718248,1.61814767694114,0,0.0889158217718248,0.61814767694114,0,0.176979028451323,0.0889158217718248,0.61814767694114,0,0.176979028451323,0.0217391304347826,20,0.00108695652173913,uniform_chain_weight
35,9,0.0889158217718248,1.61814767694114,0,0.0889158217718248,0.61814767694114,0,0.176979028451323,0.0889158217718248,0.61814767694114,0,0.176979028451323,0.0217391304347826,20,0.00108695652173913,uniform_chain_weight
35,10,0.557565039980941,2.08875142279747,0.196175810999135,0.557565039980941,1.08875142279747,0.196175810999135,0.591524470747886,0.557565039980941,1.08875142279747,0.196175810999135,0.591524470747886,0.0217391304347826,20,0.00108695652173913,uniform_chain_weight
35,11,0.572019017528936,2.7378621021027,0.107965024452375,0.572019017528936,1.7378621021027,0.107965024452375,0.712376835828377,0.572019017528936,1.7378621021027,0.107965024452375,0.712376835828377,0.0217391304347826,20,0.00108695652173913,uniform_chain_weight
35,12,0.0889158217718248,1.61814767694114,0,0.0889158217718248,0.61814767694114,0,0.176979028451323,0.0889158217718248,0.61814767694114,0,0.176979028451323,0.0217391304347826,20,0.00108695652173913,uniform_chain_weight
35,13,0.565583213281251,2.43064367381947,0.0980987967047739,0.565583213281251,1.43064367381947,0.0980987967047739,0.645098422073599,0.565583213281251,1.43064367381947,0.0980987967047739,0.645098422073599,0.0217391304347826,20,0.00108695652173913,uniform_chain_weight
35,14,0.594544332395834,2.43064367381946,0.108342701104161,0.594544332395834,1.43064367381946,0.108342701104161,0.664523874422225,0.594544332395834,1.43064367381946,0.108342701104161,0.664523874422225,0.0217391304347826,20,0.00108695652173913,uniform_chain_weight
35,15,0.547089569779173,1.61814767694114,0.0641053275280501,0.547089569779173,0.61814767694114,0.0641053275280501,0.464704342761342,0.547089569779173,0.61814767694114,0.0641053275280501,0.464704342761342,0.0217391304347826,20,0.00108695652173913,uniform_chain_weight
35,16,0.565583213281251,2.43064367381946,0.108342701104161,0.565583213281251,1.43064367381946,0.108342701104161,0.647147202953475,0.565583213281251,1.43064367381946,0.108342701104161,0.647147202953475,0.0217391304347826,20,0.00108695652173913,uniform_chain_weight
35,17,0.562365311157409,2.17609252284899,0.196175810999135,0.562365311157409,1.17609252284899,0.196175810999135,0.61187285346407,0.562365311157409,1.17609252284899,0.196175810999135,0.61187285346407,0.0217391304347826,20,0.00108695652173913,uniform_chain_weight
35,18,0.328655965642453,2.17609252284899,0.0961738088098867,0.328655965642453,1.17609252284899,0.0961738088098867,0.451646845717247,0.328655965642453,1.17609252284899,0.0961738088098867,0.451646845717247,0.0217391304347826,20,0.00108695652173913,uniform_chain_weight
35,19,0.0889158217718248,1.61814767694114,0,0.0889158217718248,0.61814767694114,0,0.176979028451323,0.0889158217718248,0.61814767694114,0,0.176979028451323,0.0217391304347826,20,0.00108695652173913,uniform_chain_weight
35,20,0.34791007046431,1.89923820909757,0.119144748006651,0.34791007046431,0.89923820909757,0.119144748006651,0.41242263369943,0.34791007046431,0.89923820909757,0.119144748006651,0.41242263369943,0.0217391304347826,20,0.00108695652173913,uniform_chain_weight
36,1,0,0.764298164899749,0,0,0,0,0,0,0,0,0,0.0217391304347826,20,0.00108695652173913,uniform_chain_weight
36,2,0,0.764298164899749,0,0,0,0,0,0,0,0,0,0.0217391304347826,20,0.00108695652173913,uniform_chain_weight
36,3,0,0.764298164899749,0,0,0,0,0,0,0,0,0,0.0217391304347826,20,0.00108695652173913,uniform_chain_weight
36,4,0,0.764298164899749,0,0,0,0,0,0,0,0,0,0.0217391304347826,20,0.00108695652173913,uniform_chain_weight
36,5,0,0.764298164899749,0,0,0,0,0,0,0,0,0,0.0217391304347826,20,0.00108695652173913,uniform_chain_weight
36,6,0,0.764298164899749,0,0,0,0,0,0,0,0,0,0.0217391304347826,20,0.00108695652173913,uniform_chain_weight
36,7,0,0.764298164899749,0,0,0,0,0,0,0,0,0,0.0217391304347826,20,0.00108695652173913,uniform_chain_weight
36,8,0,0.764298164899749,0,0,0,0,0,0,0,0,0,0.0217391304347826,20,0.00108695652173913,uniform_chain_weight
36,9,0,0.764298164899749,0,0,0,0,0,0,0,0,0,0.0217391304347826,20,0.00108695652173913,uniform_chain_weight
36,10,0,0.764298164899749,0,0,0,0,0,0,0,0,0,0.0217391304347826,20,0.00108695652173913,uniform_chain_weight
36,11,0,0.764298164899749,0,0,0,0,0,0,0,0,0,0.0217391304347826,20,0.00108695652173913,uniform_chain_weight
36,12,0,0.764298164899749,0,0,0,0,0,0,0,0,0,0.0217391304347826,20,0.00108695652173913,uniform_chain_weight
36,13,0,0.764298164899749,0,0,0,0,0,0,0,0,0,0.0217391304347826,20,0.00108695652173913,uniform_chain_weight
36,14,0,0.764298164899749,0,0,0,0,0,0,0,0,0,0.0217391304347826,20,0.00108695652173913,uniform_chain_weight
36,15,0,0.764298164899749,0,0,0,0,0,0,0,0,0,0.0217391304347826,20,0.00108695652173913,uniform_chain_weight
36,16,0,0.764298164899749,0,0,0,0,0,0,0,0,0,0.0217391304347826,20,0.00108695652173913,uniform_chain_weight
36,17,0,0.764298164899749,0,0,0,0,0,0,0,0,0,0.0217391304347826,20,0.00108695652173913,uniform_chain_weight
36,18,0,0.764298164899749,0,0,0,0,0,0,0,0,0,0.0217391304347826,20,0.00108695652173913,uniform_chain_weight
36,19,0,0.764298164899749,0,0,0,0,0,0,0,0,0,0.0217391304347826,20,0.00108695652173913,uniform_chain_weight
36,20,0,0.764298164899749,0,0,0,0,0,0,0,0,0,0.0217391304347826,20,0.00108695652173913,uniform_chain_weight
37,1,0,0.94327737822711,0,0,0,0,0,0,0,0,0,0.0217391304347826,20,0.00108695652173913,uniform_chain_weight
37,2,0,0.94327737822711,0,0,0,0,0,0,0,0,0,0.0217391304347826,20,0.00108695652173913,uniform_chain_weight
37,3,0,0.94327737822711,0,0,0,0,0,0,0,0,0,0.0217391304347826,20,0.00108695652173913,uniform_chain_weight
37,4,0,0.94327737822711,0,0,0,0,0,0,0,0,0,0.0217391304347826,20,0.00108695652173913,uniform_chain_weight
37,5,0,0.94327737822711,0,0,0,0,0,0,0,0,0,0.0217391304347826,20,0.00108695652173913,uniform_chain_weight
37,6,0,0.94327737822711,0,0,0,0,0,0,0,0,0,0.0217391304347826,20,0.00108695652173913,uniform_chain_weight
37,7,0,0.94327737822711,0,0,0,0,0,0,0,0,0,0.0217391304347826,20,0.00108695652173913,uniform_chain_weight
37,8,0,0.94327737822711,0,0,0,0,0,0,0,0,0,0.0217391304347826,20,0.00108695652173913,uniform_chain_weight
37,9,0,0.94327737822711,0,0,0,0,0,0,0,0,0,0.0217391304347826,20,0.00108695652173913,uniform_chain_weight
37,10,0,0.94327737822711,0,0,0,0,0,0,0,0,0,0.0217391304347826,20,0.00108695652173913,uniform_chain_weight
37,11,0,0.94327737822711,0,0,0,0,0,0,0,0,0,0.0217391304347826,20,0.00108695652173913,uniform_chain_weight
37,12,0.48080323237233,2.1992444058706,0.0952327620623162,0.48080323237233,1.1992444058706,0.0952327620623162,0.547377373009981,0.48080323237233,1.1992444058706,0.0952327620623162,0.547377373009981,0.0217391304347826,20,0.00108695652173913,uniform_chain_weight
37,13,0,0.94327737822711,0,0,0,0,0,0,0,0,0,0.0217391304347826,20,0.00108695652173913,uniform_chain_weight
37,14,0.426952638454294,2.1992444058706,0.040129590683017,0.426952638454294,1.1992444058706,0.040129590683017,0.5040463823833,0.426952638454294,1.1992444058706,0.040129590683017,0.5040463823833,0.0217391304347826,20,0.00108695652173913,uniform_chain_weight
37,15,0,0.94327737822711,0,0,0,0,0,0,0,0,0,0.0217391304347826,20,0.00108695652173913,uniform_chain_weight
37,16,0,0.94327737822711,0,0,0,0,0,0,0,0,0,0.0217391304347826,20,0.00108695652173913,uniform_chain_weight
37,17,0,0.94327737822711,0,0,0,0,0,0,0,0,0,0.0217391304347826,20,0.00108695652173913,uniform_chain_weight
37,18,0,0.94327737822711,0,0,0,0,0,0,0,0,0,0.0217391304347826,20,0.00108695652173913,uniform_chain_weight
37,19,0,0.94327737822711,0,0,0,0,0,0,0,0,0,0.0217391304347826,20,0.00108695652173913,uniform_chain_weight
37,20,0,0.94327737822711,0,0,0,0,0,0,0,0,0,0.0217391304347826,20,0.00108695652173913,uniform_chain_weight
38,1,0.0833835660025295,1.1353466130196,0,0.0833835660025295,0.1353466130196,0,0.0770994622054377,0.0833835660025295,0.1353466130196,0,0.0770994622054377,0.0217391304347826,20,0.00108695652173913,uniform_chain_weight
38,2,0.0833835660025295,1.1353466130196,0,0.0833835660025295,0.1353466130196,0,0.0770994622054377,0.0833835660025295,0.1353466130196,0,0.0770994622054377,0.0217391304347826,20,0.00108695652173913,uniform_chain_weight
38,3,0,1.1353466130196,0,0,0.1353466130196,0,0.02706932260392,0,0.1353466130196,0,0.02706932260392,0.0217391304347826,20,0.00108695652173913,uniform_chain_weight
38,4,0.0833835660025295,1.1353466130196,0,0.0833835660025295,0.1353466130196,0,0.0770994622054377,0.0833835660025295,0.1353466130196,0,0.0770994622054377,0.0217391304347826,20,0.00108695652173913,uniform_chain_weight
38,5,0.0833835660025295,1.1353466130196,0,0.0833835660025295,0.1353466130196,0,0.0770994622054377,0.0833835660025295,0.1353466130196,0,0.0770994622054377,0.0217391304347826,20,0.00108695652173913,uniform_chain_weight
38,6,0.0833835660025295,1.1353466130196,0,0.0833835660025295,0.1353466130196,0,0.0770994622054377,0.0833835660025295,0.1353466130196,0,0.0770994622054377,0.0217391304347826,20,0.00108695652173913,uniform_chain_weight
38,7,0.757075131550966,2.43064367381946,0.142273701530633,0.757075131550966,1.43064367381946,0.142273701530633,0.768828554000598,0.757075131550966,1.43064367381946,0.142273701530633,0.768828554000598,0.0217391304347826,20,0.00108695652173913,uniform_chain_weight
38,8,0.0833835660025295,1.1353466130196,0,0.0833835660025295,0.1353466130196,0,0.0770994622054377,0.0833835660025295,0.1353466130196,0,0.0770994622054377,0.0217391304347826,20,0.00108695652173913,uniform_chain_weight
38,9,0.0833835660025295,1.1353466130196,0,0.0833835660025295,0.1353466130196,0,0.0770994622054377,0.0833835660025295,0.1353466130196,0,0.0770994622054377,0.0217391304347826,20,0.00108695652173913,uniform_chain_weight
38,10,0.0833835660025295,1.1353466130196,0,0.0833835660025295,0.1353466130196,0,0.0770994622054377,0.0833835660025295,0.1353466130196,0,0.0770994622054377,0.0217391304347826,20,0.00108695652173913,uniform_chain_weight
38,11,0.565583213281251,2.43064367381946,0.108342701104161,0.565583213281251,1.43064367381946,0.108342701104161,0.647147202953475,0.565583213281251,1.43064367381946,0.108342701104161,0.647147202953475,0.0217391304347826,20,0.00108695652173913,uniform_chain_weight
38,12,0.492815262630252,2.02069199746848,0.148335000053088,0.492815262630252,1.02069199746848,0.148335000053088,0.529494557082465,0.492815262630252,1.02069199746848,0.148335000053088,0.529494557082465,0.0217391304347826,20,0.00108695652173913,uniform_chain_weight
38,13,0,1.1353466130196,0,0,0.1353466130196,0,0.02706932260392,0,0.1353466130196,0,0.02706932260392,0.0217391304347826,20,0.00108695652173913,uniform_chain_weight
38,14,0.0833835660025295,1.1353466130196,0,0.0833835660025295,0.1353466130196,0,0.0770994622054377,0.0833835660025295,0.1353466130196,0,0.0770994622054377,0.0217391304347826,20,0.00108695652173913,uniform_chain_weight
38,15,0.0833835660025295,1.1353466130196,0,0.0833835660025295,0.1353466130196,0,0.0770994622054377,0.0833835660025295,0.1353466130196,0,0.0770994622054377,0.0217391304347826,20,0.00108695652173913,uniform_chain_weight
38,16,0.300957112226445,1.98572883871311,0.0860940916426634,0.300957112226445,0.98572883871311,0.0860940916426634,0.394938853407022,0.300957112226445,0.98572883871311,0.0860940916426634,0.394938853407022,0.0217391304347826,20,0.00108695652173913,uniform_chain_weight
38,17,0.0833835660025295,1.1353466130196,0,0.0833835660025295,0.1353466130196,0,0.0770994622054377,0.0833835660025295,0.1353466130196,0,0.0770994622054377,0.0217391304347826,20,0.00108695652173913,uniform_chain_weight
38,18,0.0833835660025295,1.1353466130196,0,0.0833835660025295,0.1353466130196,0,0.0770994622054377,0.0833835660025295,0.1353466130196,0,0.0770994622054377,0.0217391304347826,20,0.00108695652173913,uniform_chain_weight
38,19,0.0833835660025295,1.1353466130196,0,0.0833835660025295,0.1353466130196,0,0.0770994622054377,0.0833835660025295,0.1353466130196,0,0.0770994622054377,0.0217391304347826,20,0.00108695652173913,uniform_chain_weight
38,20,0.0833835660025295,1.1353466130196,0,0.0833835660025295,0.1353466130196,0,0.0770994622054377,0.0833835660025295,0.1353466130196,0,0.0770994622054377,0.0217391304347826,20,0.00108695652173913,uniform_chain_weight
39,1,0,0.884919452824729,0,0,0,0,0,0,0,0,0,0.0217391304347826,20,0.00108695652173913,uniform_chain_weight
39,2,0,0.884919452824729,0,0,0,0,0,0,0,0,0,0.0217391304347826,20,0.00108695652173913,uniform_chain_weight
39,3,0,0.884919452824729,0,0,0,0,0,0,0,0,0,0.0217391304347826,20,0.00108695652173913,uniform_chain_weight
39,4,0,0.884919452824729,0,0,0,0,0,0,0,0,0,0.0217391304347826,20,0.00108695652173913,uniform_chain_weight
39,5,0,0.884919452824729,0,0,0,0,0,0,0,0,0,0.0217391304347826,20,0.00108695652173913,uniform_chain_weight
39,6,0,0.884919452824729,0,0,0,0,0,0,0,0,0,0.0217391304347826,20,0.00108695652173913,uniform_chain_weight
39,7,0,0.884919452824729,0,0,0,0,0,0,0,0,0,0.0217391304347826,20,0.00108695652173913,uniform_chain_weight
39,8,0,0.884919452824729,0,0,0,0,0,0,0,0,0,0.0217391304347826,20,0.00108695652173913,uniform_chain_weight
39,9,0,0.884919452824729,0,0,0,0,0,0,0,0,0,0.0217391304347826,20,0.00108695652173913,uniform_chain_weight
39,10,0,0.884919452824729,0,0,0,0,0,0,0,0,0,0.0217391304347826,20,0.00108695652173913,uniform_chain_weight
39,11,0.678146170671689,2.0377506655871,0.175079217588679,0.678146170671689,1.0377506655871,0.175079217588679,0.649453679038169,0.678146170671689,1.0377506655871,0.175079217588679,0.649453679038169,0.0217391304347826,20,0.00108695652173913,uniform_chain_weight
39,12,0,0.884919452824729,0,0,0,0,0,0,0,0,0,0.0217391304347826,20,0.00108695652173913,uniform_chain_weight
39,13,0,0.884919452824729,0,0,0,0,0,0,0,0,0,0.0217391304347826,20,0.00108695652173913,uniform_chain_weight
39,14,0,0.884919452824729,0,0,0,0,0,0,0,0,0,0.0217391304347826,20,0.00108695652173913,uniform_chain_weight
39,15,0,0.884919452824729,0,0,0,0,0,0,0,0,0,0.0217391304347826,20,0.00108695652173913,uniform_chain_weight
39,16,0,0.884919452824729,0,0,0,0,0,0,0,0,0,0.0217391304347826,20,0.00108695652173913,uniform_chain_weight
39,17,0,0.884919452824729,0,0,0,0,0,0,0,0,0,0.0217391304347826,20,0.00108695652173913,uniform_chain_weight
39,18,0,0.884919452824729,0,0,0,0,0,0,0,0,0,0.0217391304347826,20,0.00108695652173913,uniform_chain_weight
39,19,0,0.884919452824729,0,0,0,0,0,0,0,0,0,0.0217391304347826,20,0.00108695652173913,uniform_chain_weight
39,20,0.701359799687571,1.9990896576217,0.0519713032736525,0.701359799687571,0.9990896576217,0.0519713032736525,0.631028071991613,0.701359799687571,0.9990896576217,0.0519713032736525,0.631028071991613,0.0217391304347826,20,0.00108695652173913,uniform_chain_weight
40,1,0,0.770909102566407,0,0,0,0,0,0,0,0,0,0.0217391304347826,20,0.00108695652173913,uniform_chain_weight
40,2,0,0.770909102566407,0,0,0,0,0,0,0,0,0,0.0217391304347826,20,0.00108695652173913,uniform_chain_weight
40,3,0,0.770909102566407,0,0,0,0,0,0,0,0,0,0.0217391304347826,20,0.00108695652173913,uniform_chain_weight
40,4,0,0.770909102566407,0,0,0,0,0,0,0,0,0,0.0217391304347826,20,0.00108695652173913,uniform_chain_weight
40,5,0,0.770909102566407,0,0,0,0,0,0,0,0,0,0.0217391304347826,20,0.00108695652173913,uniform_chain_weight
40,6,0,0.770909102566407,0,0,0,0,0,0,0,0,0,0.0217391304347826,20,0.00108695652173913,uniform_chain_weight
40,7,0,0.770909102566407,0,0,0,0,0,0,0,0,0,0.0217391304347826,20,0.00108695652173913,uniform_chain_weight
40,8,0,0.770909102566407,0,0,0,0,0,0,0,0,0,0.0217391304347826,20,0.00108695652173913,uniform_chain_weight
40,9,0,0.770909102566407,0,0,0,0,0,0,0,0,0,0.0217391304347826,20,0.00108695652173913,uniform_chain_weight
40,10,0,0.770909102566407,0,0,0,0,0,0,0,0,0,0.0217391304347826,20,0.00108695652173913,uniform_chain_weight
40,11,0,0.770909102566407,0,0,0,0,0,0,0,0,0,0.0217391304347826,20,0.00108695652173913,uniform_chain_weight
40,12,0,0.770909102566407,0,0,0,0,0,0,0,0,0,0.0217391304347826,20,0.00108695652173913,uniform_chain_weight
40,13,0,0.770909102566407,0,0,0,0,0,0,0,0,0,0.0217391304347826,20,0.00108695652173913,uniform_chain_weight
40,14,0,0.770909102566407,0,0,0,0,0,0,0,0,0,0.0217391304347826,20,0.00108695652173913,uniform_chain_weight
40,15,0,0.770909102566407,0,0,0,0,0,0,0,0,0,0.0217391304347826,20,0.00108695652173913,uniform_chain_weight
40,16,0,0.770909102566407,0,0,0,0,0,0,0,0,0,0.0217391304347826,20,0.00108695652173913,uniform_chain_weight
40,17,0,0.770909102566407,0,0,0,0,0,0,0,0,0,0.0217391304347826,20,0.00108695652173913,uniform_chain_weight
40,18,0,0.770909102566407,0,0,0,0,0,0,0,0,0,0.0217391304347826,20,0.00108695652173913,uniform_chain_weight
40,19,0,0.770909102566407,0,0,0,0,0,0,0,0,0,0.0217391304347826,20,0.00108695652173913,uniform_chain_weight
40,20,0,0.770909102566407,0,0,0,0,0,0,0,0,0,0.0217391304347826,20,0.00108695652173913,uniform_chain_weight
41,1,0,0.79643805842058,0,0,0,0,0,0,0,0,0,0.0217391304347826,20,0.00108695652173913,uniform_chain_weight
41,2,0,0.79643805842058,0,0,0,0,0,0,0,0,0,0.0217391304347826,20,0.00108695652173913,uniform_chain_weight
41,3,0,0.79643805842058,0,0,0,0,0,0,0,0,0,0.0217391304347826,20,0.00108695652173913,uniform_chain_weight
41,4,0,0.79643805842058,0,0,0,0,0,0,0,0,0,0.0217391304347826,20,0.00108695652173913,uniform_chain_weight
41,5,0,0.79643805842058,0,0,0,0,0,0,0,0,0,0.0217391304347826,20,0.00108695652173913,uniform_chain_weight
41,6,0,0.79643805842058,0,0,0,0,0,0,0,0,0,0.0217391304347826,20,0.00108695652173913,uniform_chain_weight
41,7,0,0.79643805842058,0,0,0,0,0,0,0,0,0,0.0217391304347826,20,0.00108695652173913,uniform_chain_weight
41,8,0,0.79643805842058,0,0,0,0,0,0,0,0,0,0.0217391304347826,20,0.00108695652173913,uniform_chain_weight
41,9,0,0.79643805842058,0,0,0,0,0,0,0,0,0,0.0217391304347826,20,0.00108695652173913,uniform_chain_weight
41,10,0,0.79643805842058,0,0,0,0,0,0,0,0,0,0.0217391304347826,20,0.00108695652173913,uniform_chain_weight
41,11,0,0.79643805842058,0,0,0,0,0,0,0,0,0,0.0217391304347826,20,0.00108695652173913,uniform_chain_weight
41,12,0,0.79643805842058,0,0,0,0,0,0,0,0,0,0.0217391304347826,20,0.00108695652173913,uniform_chain_weight
41,13,0,0.79643805842058,0,0,0,0,0,0,0,0,0,0.0217391304347826,20,0.00108695652173913,uniform_chain_weight
41,14,0,0.79643805842058,0,0,0,0,0,0,0,0,0,0.0217391304347826,20,0.00108695652173913,uniform_chain_weight
41,15,0,0.79643805842058,0,0,0,0,0,0,0,0,0,0.0217391304347826,20,0.00108695652173913,uniform_chain_weight
41,16,0,0.79643805842058,0,0,0,0,0,0,0,0,0,0.0217391304347826,20,0.00108695652173913,uniform_chain_weight
41,17,0,0.79643805842058,0,0,0,0,0,0,0,0,0,0.0217391304347826,20,0.00108695652173913,uniform_chain_weight
41,18,0,0.79643805842058,0,0,0,0,0,0,0,0,0,0.0217391304347826,20,0.00108695652173913,uniform_chain_weight
41,19,0,0.79643805842058,0,0,0,0,0,0,0,0,0,0.0217391304347826,20,0.00108695652173913,uniform_chain_weight
41,20,0,0.79643805842058,0,0,0,0,0,0,0,0,0,0.0217391304347826,20,0.00108695652173913,uniform_chain_weight
42,1,0,1.09562567208693,0,0,0.09562567208693,0,0.019125134417386,0,0.09562567208693,0,0.019125134417386,0.0217391304347826,20,0.00108695652173913,uniform_chain_weight
42,2,0.309046197533509,1.53104232255923,0.0255027910788359,0.309046197533509,0.53104232255923,0.0255027910788359,0.296736741247719,0.309046197533509,0.53104232255923,0.0255027910788359,0.296736741247719,0.0217391304347826,20,0.00108695652173913,uniform_chain_weight
42,3,0,1.09562567208693,0,0,0.09562567208693,0,0.019125134417386,0,0.09562567208693,0,0.019125134417386,0.0217391304347826,20,0.00108695652173913,uniform_chain_weight
42,4,0.136307746916887,1.09562567208693,0,0.136307746916887,0.09562567208693,0,0.100909782567518,0.136307746916887,0.09562567208693,0,0.100909782567518,0.0217391304347826,20,0.00108695652173913,uniform_chain_weight
42,5,0.136307746916887,1.09562567208693,0,0.136307746916887,0.09562567208693,0,0.100909782567518,0.136307746916887,0.09562567208693,0,0.100909782567518,0.0217391304347826,20,0.00108695652173913,uniform_chain_weight
42,6,0.507838694771379,1.91900591200381,0.2178304005281,0.507838694771379,0.91900591200381,0.2178304005281,0.532070479369209,0.507838694771379,0.91900591200381,0.2178304005281,0.532070479369209,0.0217391304347826,20,0.00108695652173913,uniform_chain_weight
42,7,0.136307746916887,1.23938260559949,0,0.136307746916887,0.23938260559949,0,0.12966116927003,0.136307746916887,0.23938260559949,0,0.12966116927003,0.0217391304347826,20,0.00108695652173913,uniform_chain_weight
42,8,0,1.09562567208693,0,0,0.09562567208693,0,0.019125134417386,0,0.09562567208693,0,0.019125134417386,0.0217391304347826,20,0.00108695652173913,uniform_chain_weight
42,9,0.136307746916887,1.09562567208693,0,0.136307746916887,0.09562567208693,0,0.100909782567518,0.136307746916887,0.09562567208693,0,0.100909782567518,0.0217391304347826,20,0.00108695652173913,uniform_chain_weight
42,10,0.589865578976149,1.87767027612318,0.134496602472798,0.589865578976149,0.87767027612318,0.134496602472798,0.556352723104885,0.589865578976149,0.87767027612318,0.134496602472798,0.556352723104885,0.0217391304347826,20,0.00108695652173913,uniform_chain_weight
42,11,0,1.09562567208693,0,0,0.09562567208693,0,0.019125134417386,0,0.09562567208693,0,0.019125134417386,0.0217391304347826,20,0.00108695652173913,uniform_chain_weight
42,12,0,1.09562567208693,0,0,0.09562567208693,0,0.019125134417386,0,0.09562567208693,0,0.019125134417386,0.0217391304347826,20,0.00108695652173913,uniform_chain_weight
42,13,0.136307746916887,1.23938260559949,0,0.136307746916887,0.23938260559949,0,0.12966116927003,0.136307746916887,0.23938260559949,0,0.12966116927003,0.0217391304347826,20,0.00108695652173913,uniform_chain_weight
42,14,0.136307746916887,1.09562567208693,0,0.136307746916887,0.09562567208693,0,0.100909782567518,0.136307746916887,0.09562567208693,0,0.100909782567518,0.0217391304347826,20,0.00108695652173913,uniform_chain_weight
42,15,0,1.09562567208693,0,0,0.09562567208693,0,0.019125134417386,0,0.09562567208693,0,0.019125134417386,0.0217391304347826,20,0.00108695652173913,uniform_chain_weight
42,16,0.136307746916887,1.23938260559949,0,0.136307746916887,0.23938260559949,0,0.12966116927003,0.136307746916887,0.23938260559949,0,0.12966116927003,0.0217391304347826,20,0.00108695652173913,uniform_chain_weight
42,17,0.136307746916887,1.23938260559949,0,0.136307746916887,0.23938260559949,0,0.12966116927003,0.136307746916887,0.23938260559949,0,0.12966116927003,0.0217391304347826,20,0.00108695652173913,uniform_chain_weight
42,18,0.136307746916887,1.09562567208693,0,0.136307746916887,0.09562567208693,0,0.100909782567518,0.136307746916887,0.09562567208693,0,0.100909782567518,0.0217391304347826,20,0.00108695652173913,uniform_chain_weight
42,19,0,1.09562567208693,0,0,0.09562567208693,0,0.019125134417386,0,0.09562567208693,0,0.019125134417386,0.0217391304347826,20,0.00108695652173913,uniform_chain_weight
42,20,0.589865578976149,1.87767027612318,0.134496602472798,0.589865578976149,0.87767027612318,0.134496602472798,0.556352723104885,0.589865578976149,0.87767027612318,0.134496602472798,0.556352723104885,0.0217391304347826,20,0.00108695652173913,uniform_chain_weight
43,1,0,0.765444456219524,0,0,0,0,0,0,0,0,0,0.0217391304347826,20,0.00108695652173913,uniform_chain_weight
43,2,0,0.765444456219524,0,0,0,0,0,0,0,0,0,0.0217391304347826,20,0.00108695652173913,uniform_chain_weight
43,3,0,0.765444456219524,0,0,0,0,0,0,0,0,0,0.0217391304347826,20,0.00108695652173913,uniform_chain_weight
43,4,0,0.765444456219524,0,0,0,0,0,0,0,0,0,0.0217391304347826,20,0.00108695652173913,uniform_chain_weight
43,5,0,0.765444456219524,0,0,0,0,0,0,0,0,0,0.0217391304347826,20,0.00108695652173913,uniform_chain_weight
43,6,0,0.765444456219524,0,0,0,0,0,0,0,0,0,0.0217391304347826,20,0.00108695652173913,uniform_chain_weight
43,7,0,0.765444456219524,0,0,0,0,0,0,0,0,0,0.0217391304347826,20,0.00108695652173913,uniform_chain_weight
43,8,0,0.765444456219524,0,0,0,0,0,0,0,0,0,0.0217391304347826,20,0.00108695652173913,uniform_chain_weight
43,9,0,0.765444456219524,0,0,0,0,0,0,0,0,0,0.0217391304347826,20,0.00108695652173913,uniform_chain_weight
43,10,0,0.765444456219524,0,0,0,0,0,0,0,0,0,0.0217391304347826,20,0.00108695652173913,uniform_chain_weight
43,11,0,0.765444456219524,0,0,0,0,0,0,0,0,0,0.0217391304347826,20,0.00108695652173913,uniform_chain_weight
43,12,0,0.765444456219524,0,0,0,0,0,0,0,0,0,0.0217391304347826,20,0.00108695652173913,uniform_chain_weight
43,13,0,0.765444456219524,0,0,0,0,0,0,0,0,0,0.0217391304347826,20,0.00108695652173913,uniform_chain_weight
43,14,0,0.765444456219524,0,0,0,0,0,0,0,0,0,0.0217391304347826,20,0.00108695652173913,uniform_chain_weight
43,15,0,0.765444456219524,0,0,0,0,0,0,0,0,0,0.0217391304347826,20,0.00108695652173913,uniform_chain_weight
43,16,0,0.765444456219524,0,0,0,0,0,0,0,0,0,0.0217391304347826,20,0.00108695652173913,uniform_chain_weight
43,17,0,0.765444456219524,0,0,0,0,0,0,0,0,0,0.0217391304347826,20,0.00108695652173913,uniform_chain_weight
43,18,0,0.765444456219524,0,0,0,0,0,0,0,0,0,0.0217391304347826,20,0.00108695652173913,uniform_chain_weight
43,19,0,0.765444456219524,0,0,0,0,0,0,0,0,0,0.0217391304347826,20,0.00108695652173913,uniform_chain_weight
43,20,0,0.765444456219524,0,0,0,0,0,0,0,0,0,0.0217391304347826,20,0.00108695652173913,uniform_chain_weight
44,1,0,0.902317068704068,0,0,0,0,0,0,0,0,0,0.0217391304347826,20,0.00108695652173913,uniform_chain_weight
44,2,0,0.902317068704068,0,0,0,0,0,0,0,0,0,0.0217391304347826,20,0.00108695652173913,uniform_chain_weight
44,3,0,0.902317068704068,0,0,0,0,0,0,0,0,0,0.0217391304347826,20,0.00108695652173913,uniform_chain_weight
44,4,0,0.902317068704068,0,0,0,0,0,0,0,0,0,0.0217391304347826,20,0.00108695652173913,uniform_chain_weight
44,5,0,0.902317068704068,0,0,0,0,0,0,0,0,0,0.0217391304347826,20,0.00108695652173913,uniform_chain_weight
44,6,0,0.902317068704068,0,0,0,0,0,0,0,0,0,0.0217391304347826,20,0.00108695652173913,uniform_chain_weight
44,7,0,0.902317068704068,0,0,0,0,0,0,0,0,0,0.0217391304347826,20,0.00108695652173913,uniform_chain_weight
44,8,0,0.902317068704068,0,0,0,0,0,0,0,0,0,0.0217391304347826,20,0.00108695652173913,uniform_chain_weight
44,9,0.512064394817587,2.28735032064287,0.139430123177272,0.512064394817587,1.28735032064287,0.139430123177272,0.592594725654581,0.512064394817587,1.28735032064287,0.139430123177272,0.592594725654581,0.0217391304347826,20,0.00108695652173913,uniform_chain_weight
44,10,0,0.902317068704068,0,0,0,0,0,0,0,0,0,0.0217391304347826,20,0.00108695652173913,uniform_chain_weight
44,11,0,0.902317068704068,0,0,0,0,0,0,0,0,0,0.0217391304347826,20,0.00108695652173913,uniform_chain_weight
44,12,0,0.902317068704068,0,0,0,0,0,0,0,0,0,0.0217391304347826,20,0.00108695652173913,uniform_chain_weight
44,13,0,0.902317068704068,0,0,0,0,0,0,0,0,0,0.0217391304347826,20,0.00108695652173913,uniform_chain_weight
44,14,0,0.902317068704068,0,0,0,0,0,0,0,0,0,0.0217391304347826,20,0.00108695652173913,uniform_chain_weight
44,15,0,0.902317068704068,0,0,0,0,0,0,0,0,0,0.0217391304347826,20,0.00108695652173913,uniform_chain_weight
44,16,0,0.902317068704068,0,0,0,0,0,0,0,0,0,0.0217391304347826,20,0.00108695652173913,uniform_chain_weight
44,17,0,0.902317068704068,0,0,0,0,0,0,0,0,0,0.0217391304347826,20,0.00108695652173913,uniform_chain_weight
44,18,0,0.902317068704068,0,0,0,0,0,0,0,0,0,0.0217391304347826,20,0.00108695652173913,uniform_chain_weight
44,19,0,0.902317068704068,0,0,0,0,0,0,0,0,0,0.0217391304347826,20,0.00108695652173913,uniform_chain_weight
44,20,0,0.902317068704068,0,0,0,0,0,0,0,0,0,0.0217391304347826,20,0.00108695652173913,uniform_chain_weight
45,1,0,0.902221723796466,0,0,0,0,0,0,0,0,0,0.0217391304347826,20,0.00108695652173913,uniform_chain_weight
45,2,0,0.902221723796466,0,0,0,0,0,0,0,0,0,0.0217391304347826,20,0.00108695652173913,uniform_chain_weight
45,3,0,0.902221723796466,0,0,0,0,0,0,0,0,0,0.0217391304347826,20,0.00108695652173913,uniform_chain_weight
45,4,0,0.902221723796466,0,0,0,0,0,0,0,0,0,0.0217391304347826,20,0.00108695652173913,uniform_chain_weight
45,5,0,0.902221723796466,0,0,0,0,0,0,0,0,0,0.0217391304347826,20,0.00108695652173913,uniform_chain_weight
45,6,0,0.902221723796466,0,0,0,0,0,0,0,0,0,0.0217391304347826,20,0.00108695652173913,uniform_chain_weight
45,7,0,0.902221723796466,0,0,0,0,0,0,0,0,0,0.0217391304347826,20,0.00108695652173913,uniform_chain_weight
45,8,0,0.902221723796466,0,0,0,0,0,0,0,0,0,0.0217391304347826,20,0.00108695652173913,uniform_chain_weight
45,9,0,0.902221723796466,0,0,0,0,0,0,0,0,0,0.0217391304347826,20,0.00108695652173913,uniform_chain_weight
45,10,0,0.902221723796466,0,0,0,0,0,0,0,0,0,0.0217391304347826,20,0.00108695652173913,uniform_chain_weight
45,11,0,0.902221723796466,0,0,0,0,0,0,0,0,0,0.0217391304347826,20,0.00108695652173913,uniform_chain_weight
45,12,0,0.902221723796466,0,0,0,0,0,0,0,0,0,0.0217391304347826,20,0.00108695652173913,uniform_chain_weight
45,13,0,0.902221723796466,0,0,0,0,0,0,0,0,0,0.0217391304347826,20,0.00108695652173913,uniform_chain_weight
45,14,0,0.902221723796466,0,0,0,0,0,0,0,0,0,0.0217391304347826,20,0.00108695652173913,uniform_chain_weight
45,15,0,0.902221723796466,0,0,0,0,0,0,0,0,0,0.0217391304347826,20,0.00108695652173913,uniform_chain_weight
45,16,0,0.902221723796466,0,0,0,0,0,0,0,0,0,0.0217391304347826,20,0.00108695652173913,uniform_chain_weight
45,17,0,0.902221723796466,0,0,0,0,0,0,0,0,0,0.0217391304347826,20,0.00108695652173913,uniform_chain_weight
45,18,0,0.902221723796466,0,0,0,0,0,0,0,0,0,0.0217391304347826,20,0.00108695652173913,uniform_chain_weight
45,19,0,0.902221723796466,0,0,0,0,0,0,0,0,0,0.0217391304347826,20,0.00108695652173913,uniform_chain_weight
45,20,0,0.902221723796466,0,0,0,0,0,0,0,0,0,0.0217391304347826,20,0.00108695652173913,uniform_chain_weight
46,1,0,1.04575616191447,0,0,0.04575616191447,0,0.00915123238289399,0,0.04575616191447,0,0.00915123238289399,0.0217391304347826,20,0.00108695652173913,uniform_chain_weight
46,2,0.638110846579035,1.83597326665836,0.0524460024563956,0.638110846579035,0.83597326665836,0.0524460024563956,0.560550361770372,0.638110846579035,0.83597326665836,0.0524460024563956,0.560550361770372,0.0217391304347826,20,0.00108695652173913,uniform_chain_weight
46,3,0,1.05667581453147,0.0778362469214495,0,0.0566758145314701,0.0778362469214495,0.0269024122905839,0,0.0566758145314701,0.0778362469214495,0.0269024122905839,0.0217391304347826,20,0.00108695652173913,uniform_chain_weight
46,4,0,1.04575616191447,0,0,0.04575616191447,0,0.00915123238289399,0,0.04575616191447,0,0.00915123238289399,0.0217391304347826,20,0.00108695652173913,uniform_chain_weight
46,5,0.541830968800316,1.9732152753747,0.000235612379876349,0.541830968800316,0.9732152753747,0.000235612379876349,0.519788758831105,0.541830968800316,0.9732152753747,0.000235612379876349,0.519788758831105,0.0217391304347826,20,0.00108695652173913,uniform_chain_weight
46,6,0.532298380456107,2.11787018731324,0.239082903158542,0.532298380456107,1.11787018731324,0.239082903158542,0.590769646368021,0.532298380456107,1.11787018731324,0.239082903158542,0.590769646368021,0.0217391304347826,20,0.00108695652173913,uniform_chain_weight
46,7,0,1.04575616191447,0,0,0.04575616191447,0,0.00915123238289399,0,0.04575616191447,0,0.00915123238289399,0.0217391304347826,20,0.00108695652173913,uniform_chain_weight
46,8,0,1.04575616191447,0,0,0.04575616191447,0,0.00915123238289399,0,0.04575616191447,0,0.00915123238289399,0.0217391304347826,20,0.00108695652173913,uniform_chain_weight
46,9,0.446645550291563,1.83597326665836,0.125421200666987,0.446645550291563,0.83597326665836,0.125421200666987,0.460266223640007,0.446645550291563,0.83597326665836,0.125421200666987,0.460266223640007,0.0217391304347826,20,0.00108695652173913,uniform_chain_weight
46,10,0,1.04575616191447,0,0,0.04575616191447,0,0.00915123238289399,0,0.04575616191447,0,0.00915123238289399,0.0217391304347826,20,0.00108695652173913,uniform_chain_weight
46,11,0.446645550291563,1.83597326665836,0.125421200666987,0.446645550291563,0.83597326665836,0.125421200666987,0.460266223640007,0.446645550291563,0.83597326665836,0.125421200666987,0.460266223640007,0.0217391304347826,20,0.00108695652173913,uniform_chain_weight
46,12,0.644114463331217,2.21355373815654,0.0419186300669715,0.644114463331217,1.21355373815654,0.0419186300669715,0.637563151643433,0.644114463331217,1.21355373815654,0.0419186300669715,0.637563151643433,0.0217391304347826,20,0.00108695652173913,uniform_chain_weight
46,13,0,1.04575616191447,0,0,0.04575616191447,0,0.00915123238289399,0,0.04575616191447,0,0.00915123238289399,0.0217391304347826,20,0.00108695652173913,uniform_chain_weight
46,14,0.721232949539751,1.83597326665836,0.121560794406802,0.721232949539751,0.83597326665836,0.121560794406802,0.624246581936883,0.721232949539751,0.83597326665836,0.121560794406802,0.624246581936883,0.0217391304347826,20,0.00108695652173913,uniform_chain_weight
46,15,0,1.04575616191447,0,0,0.04575616191447,0,0.00915123238289399,0,0.04575616191447,0,0.00915123238289399,0.0217391304347826,20,0.00108695652173913,uniform_chain_weight
46,16,0,1.04575616191447,0,0,0.04575616191447,0,0.00915123238289399,0,0.04575616191447,0,0.00915123238289399,0.0217391304347826,20,0.00108695652173913,uniform_chain_weight
46,17,0,1.04575616191447,0,0,0.04575616191447,0,0.00915123238289399,0,0.04575616191447,0,0.00915123238289399,0.0217391304347826,20,0.00108695652173913,uniform_chain_weight
46,18,0.446645550291563,1.83597326665836,0.125421200666987,0.446645550291563,0.83597326665836,0.125421200666987,0.460266223640007,0.446645550291563,0.83597326665836,0.125421200666987,0.460266223640007,0.0217391304347826,20,0.00108695652173913,uniform_chain_weight
46,19,0.720698831031158,2.11787018731324,0.239082903158542,0.720698831031158,1.11787018731324,0.239082903158542,0.703809916713051,0.720698831031158,1.11787018731324,0.239082903158542,0.703809916713051,0.0217391304347826,20,0.00108695652173913,uniform_chain_weight
46,20,0,1.04575616191447,0,0,0.04575616191447,0,0.00915123238289399,0,0.04575616191447,0,0.00915123238289399,0.0217391304347826,20,0.00108695652173913,uniform_chain_weight
