initial_branch,trial_id,stage_id,bus_id,voltage_pu,voltage_deviation_component,voltage_severity_component,severity_valid,replay_source
36,11,1,26,1.02231365740591,0,0,1,replayed_pf_result
36,11,1,27,1.00846524991103,0,0,1,replayed_pf_result
36,11,1,28,1.02306801658476,0,0,1,replayed_pf_result
36,11,1,29,1.02334859012107,0,0,1,replayed_pf_result
36,11,1,30,1,0,0,1,replayed_pf_result
36,11,1,31,1,0,0,1,replayed_pf_result
36,11,1,32,1,0,0,1,replayed_pf_result
36,11,1,33,1,0,0,1,replayed_pf_result
36,11,1,34,1,0,0,1,replayed_pf_result
36,11,1,35,1,0,0,1,replayed_pf_result
36,11,1,36,1,0,0,1,replayed_pf_result
36,11,1,37,1,0,0,1,replayed_pf_result
36,11,1,38,1,0,0,1,replayed_pf_result
36,11,1,39,1,0,0,1,replayed_pf_result
36,12,1,1,1.00391570728447,0,0,1,replayed_pf_result
36,12,1,2,1.01274158403858,0,0,1,replayed_pf_result
36,12,1,3,1.00226417003641,0,0,1,replayed_pf_result
36,12,1,4,0.987554638358075,0,0,1,replayed_pf_result
36,12,1,5,0.994553990794936,0,0,1,replayed_pf_result
36,12,1,6,0.998556526535875,0,0,1,replayed_pf_result
36,12,1,7,0.986029762991018,0,0,1,replayed_pf_result
36,12,1,8,0.984335706214334,0,0,1,replayed_pf_result
36,12,1,9,1.01357926395383,0,0,1,replayed_pf_result
36,12,1,10,1.01255279097866,0,0,1,replayed_pf_result
36,12,1,11,1.00660969861456,0,0,1,replayed_pf_result
36,12,1,12,0.993177167522823,0,0,1,replayed_pf_result
36,12,1,13,1.00681485655691,0,0,1,replayed_pf_result
36,12,1,14,0.997599095290149,0,0,1,replayed_pf_result
36,12,1,15,0.991302871245063,0,0,1,replayed_pf_result
36,12,1,16,1.00366450681117,0,0,1,replayed_pf_result
36,12,1,17,1.00509355366044,0,0,1,replayed_pf_result
36,12,1,18,1.00264885581108,0,0,1,replayed_pf_result
36,12,1,19,1.03832357189755,0,0,1,replayed_pf_result
36,12,1,20,0.97896141038046,0,0,1,replayed_pf_result
36,12,1,21,0.997528771159807,0,0,1,replayed_pf_result
36,12,1,22,1.01046145120376,0,0,1,replayed_pf_result
36,12,1,23,0.98338788279429,0,0,1,replayed_pf_result
36,12,1,24,1.00458031223976,0,0,1,replayed_pf_result
36,12,1,25,1.02229608628178,0,0,1,replayed_pf_result
36,12,1,26,1.02231365740591,0,0,1,replayed_pf_result
36,12,1,27,1.00846524991103,0,0,1,replayed_pf_result
36,12,1,28,1.02306801658476,0,0,1,replayed_pf_result
36,12,1,29,1.02334859012107,0,0,1,replayed_pf_result
36,12,1,30,1,0,0,1,replayed_pf_result
36,12,1,31,1,0,0,1,replayed_pf_result
36,12,1,32,1,0,0,1,replayed_pf_result
36,12,1,33,1,0,0,1,replayed_pf_result
36,12,1,34,1,0,0,1,replayed_pf_result
36,12,1,35,1,0,0,1,replayed_pf_result
36,12,1,36,1,0,0,1,replayed_pf_result
36,12,1,37,1,0,0,1,replayed_pf_result
36,12,1,38,1,0,0,1,replayed_pf_result
36,12,1,39,1,0,0,1,replayed_pf_result
36,13,1,1,1.00391570728447,0,0,1,replayed_pf_result
36,13,1,2,1.01274158403858,0,0,1,replayed_pf_result
36,13,1,3,1.00226417003641,0,0,1,replayed_pf_result
36,13,1,4,0.987554638358075,0,0,1,replayed_pf_result
36,13,1,5,0.994553990794936,0,0,1,replayed_pf_result
36,13,1,6,0.998556526535875,0,0,1,replayed_pf_result
36,13,1,7,0.986029762991018,0,0,1,replayed_pf_result
36,13,1,8,0.984335706214334,0,0,1,replayed_pf_result
36,13,1,9,1.01357926395383,0,0,1,replayed_pf_result
36,13,1,10,1.01255279097866,0,0,1,replayed_pf_result
36,13,1,11,1.00660969861456,0,0,1,replayed_pf_result
36,13,1,12,0.993177167522823,0,0,1,replayed_pf_result
36,13,1,13,1.00681485655691,0,0,1,replayed_pf_result
36,13,1,14,0.997599095290149,0,0,1,replayed_pf_result
36,13,1,15,0.991302871245063,0,0,1,replayed_pf_result
36,13,1,16,1.00366450681117,0,0,1,replayed_pf_result
36,13,1,17,1.00509355366044,0,0,1,replayed_pf_result
36,13,1,18,1.00264885581108,0,0,1,replayed_pf_result
36,13,1,19,1.03832357189755,0,0,1,replayed_pf_result
36,13,1,20,0.97896141038046,0,0,1,replayed_pf_result
36,13,1,21,0.997528771159807,0,0,1,replayed_pf_result
36,13,1,22,1.01046145120376,0,0,1,replayed_pf_result
36,13,1,23,0.98338788279429,0,0,1,replayed_pf_result
36,13,1,24,1.00458031223976,0,0,1,replayed_pf_result
36,13,1,25,1.02229608628178,0,0,1,replayed_pf_result
36,13,1,26,1.02231365740591,0,0,1,replayed_pf_result
36,13,1,27,1.00846524991103,0,0,1,replayed_pf_result
36,13,1,28,1.02306801658476,0,0,1,replayed_pf_result
36,13,1,29,1.02334859012107,0,0,1,replayed_pf_result
36,13,1,30,1,0,0,1,replayed_pf_result
36,13,1,31,1,0,0,1,replayed_pf_result
36,13,1,32,1,0,0,1,replayed_pf_result
36,13,1,33,1,0,0,1,replayed_pf_result
36,13,1,34,1,0,0,1,replayed_pf_result
36,13,1,35,1,0,0,1,replayed_pf_result
36,13,1,36,1,0,0,1,replayed_pf_result
36,13,1,37,1,0,0,1,replayed_pf_result
36,13,1,38,1,0,0,1,replayed_pf_result
36,13,1,39,1,0,0,1,replayed_pf_result
36,14,1,1,1.00391570728447,0,0,1,replayed_pf_result
36,14,1,2,1.01274158403858,0,0,1,replayed_pf_result
36,14,1,3,1.00226417003641,0,0,1,replayed_pf_result
36,14,1,4,0.987554638358075,0,0,1,replayed_pf_result
36,14,1,5,0.994553990794936,0,0,1,replayed_pf_result
36,14,1,6,0.998556526535875,0,0,1,replayed_pf_result
36,14,1,7,0.986029762991018,0,0,1,replayed_pf_result
36,14,1,8,0.984335706214334,0,0,1,replayed_pf_result
36,14,1,9,1.01357926395383,0,0,1,replayed_pf_result
36,14,1,10,1.01255279097866,0,0,1,replayed_pf_result
36,14,1,11,1.00660969861456,0,0,1,replayed_pf_result
36,14,1,12,0.993177167522823,0,0,1,replayed_pf_result
36,14,1,13,1.00681485655691,0,0,1,replayed_pf_result
36,14,1,14,0.997599095290149,0,0,1,replayed_pf_result
36,14,1,15,0.991302871245063,0,0,1,replayed_pf_result
36,14,1,16,1.00366450681117,0,0,1,replayed_pf_result
36,14,1,17,1.00509355366044,0,0,1,replayed_pf_result
36,14,1,18,1.00264885581108,0,0,1,replayed_pf_result
36,14,1,19,1.03832357189755,0,0,1,replayed_pf_result
36,14,1,20,0.97896141038046,0,0,1,replayed_pf_result
36,14,1,21,0.997528771159807,0,0,1,replayed_pf_result
36,14,1,22,1.01046145120376,0,0,1,replayed_pf_result
36,14,1,23,0.98338788279429,0,0,1,replayed_pf_result
36,14,1,24,1.00458031223976,0,0,1,replayed_pf_result
36,14,1,25,1.02229608628178,0,0,1,replayed_pf_result
36,14,1,26,1.02231365740591,0,0,1,replayed_pf_result
36,14,1,27,1.00846524991103,0,0,1,replayed_pf_result
36,14,1,28,1.02306801658476,0,0,1,replayed_pf_result
36,14,1,29,1.02334859012107,0,0,1,replayed_pf_result
36,14,1,30,1,0,0,1,replayed_pf_result
36,14,1,31,1,0,0,1,replayed_pf_result
36,14,1,32,1,0,0,1,replayed_pf_result
36,14,1,33,1,0,0,1,replayed_pf_result
36,14,1,34,1,0,0,1,replayed_pf_result
36,14,1,35,1,0,0,1,replayed_pf_result
36,14,1,36,1,0,0,1,replayed_pf_result
36,14,1,37,1,0,0,1,replayed_pf_result
36,14,1,38,1,0,0,1,replayed_pf_result
36,14,1,39,1,0,0,1,replayed_pf_result
36,15,1,1,1.00391570728447,0,0,1,replayed_pf_result
36,15,1,2,1.01274158403858,0,0,1,replayed_pf_result
36,15,1,3,1.00226417003641,0,0,1,replayed_pf_result
36,15,1,4,0.987554638358075,0,0,1,replayed_pf_result
36,15,1,5,0.994553990794936,0,0,1,replayed_pf_result
36,15,1,6,0.998556526535875,0,0,1,replayed_pf_result
36,15,1,7,0.986029762991018,0,0,1,replayed_pf_result
36,15,1,8,0.984335706214334,0,0,1,replayed_pf_result
36,15,1,9,1.01357926395383,0,0,1,replayed_pf_result
36,15,1,10,1.01255279097866,0,0,1,replayed_pf_result
36,15,1,11,1.00660969861456,0,0,1,replayed_pf_result
36,15,1,12,0.993177167522823,0,0,1,replayed_pf_result
36,15,1,13,1.00681485655691,0,0,1,replayed_pf_result
36,15,1,14,0.997599095290149,0,0,1,replayed_pf_result
36,15,1,15,0.991302871245063,0,0,1,replayed_pf_result
36,15,1,16,1.00366450681117,0,0,1,replayed_pf_result
36,15,1,17,1.00509355366044,0,0,1,replayed_pf_result
36,15,1,18,1.00264885581108,0,0,1,replayed_pf_result
36,15,1,19,1.03832357189755,0,0,1,replayed_pf_result
36,15,1,20,0.97896141038046,0,0,1,replayed_pf_result
36,15,1,21,0.997528771159807,0,0,1,replayed_pf_result
36,15,1,22,1.01046145120376,0,0,1,replayed_pf_result
36,15,1,23,0.98338788279429,0,0,1,replayed_pf_result
36,15,1,24,1.00458031223976,0,0,1,replayed_pf_result
36,15,1,25,1.02229608628178,0,0,1,replayed_pf_result
36,15,1,26,1.02231365740591,0,0,1,replayed_pf_result
36,15,1,27,1.00846524991103,0,0,1,replayed_pf_result
36,15,1,28,1.02306801658476,0,0,1,replayed_pf_result
36,15,1,29,1.02334859012107,0,0,1,replayed_pf_result
36,15,1,30,1,0,0,1,replayed_pf_result
36,15,1,31,1,0,0,1,replayed_pf_result
36,15,1,32,1,0,0,1,replayed_pf_result
36,15,1,33,1,0,0,1,replayed_pf_result
36,15,1,34,1,0,0,1,replayed_pf_result
36,15,1,35,1,0,0,1,replayed_pf_result
36,15,1,36,1,0,0,1,replayed_pf_result
36,15,1,37,1,0,0,1,replayed_pf_result
36,15,1,38,1,0,0,1,replayed_pf_result
36,15,1,39,1,0,0,1,replayed_pf_result
36,16,1,1,1.00391570728447,0,0,1,replayed_pf_result
36,16,1,2,1.01274158403858,0,0,1,replayed_pf_result
36,16,1,3,1.00226417003641,0,0,1,replayed_pf_result
36,16,1,4,0.987554638358075,0,0,1,replayed_pf_result
36,16,1,5,0.994553990794936,0,0,1,replayed_pf_result
36,16,1,6,0.998556526535875,0,0,1,replayed_pf_result
36,16,1,7,0.986029762991018,0,0,1,replayed_pf_result
36,16,1,8,0.984335706214334,0,0,1,replayed_pf_result
36,16,1,9,1.01357926395383,0,0,1,replayed_pf_result
36,16,1,10,1.01255279097866,0,0,1,replayed_pf_result
36,16,1,11,1.00660969861456,0,0,1,replayed_pf_result
36,16,1,12,0.993177167522823,0,0,1,replayed_pf_result
36,16,1,13,1.00681485655691,0,0,1,replayed_pf_result
36,16,1,14,0.997599095290149,0,0,1,replayed_pf_result
36,16,1,15,0.991302871245063,0,0,1,replayed_pf_result
36,16,1,16,1.00366450681117,0,0,1,replayed_pf_result
36,16,1,17,1.00509355366044,0,0,1,replayed_pf_result
36,16,1,18,1.00264885581108,0,0,1,replayed_pf_result
36,16,1,19,1.03832357189755,0,0,1,replayed_pf_result
36,16,1,20,0.97896141038046,0,0,1,replayed_pf_result
36,16,1,21,0.997528771159807,0,0,1,replayed_pf_result
36,16,1,22,1.01046145120376,0,0,1,replayed_pf_result
36,16,1,23,0.98338788279429,0,0,1,replayed_pf_result
36,16,1,24,1.00458031223976,0,0,1,replayed_pf_result
36,16,1,25,1.02229608628178,0,0,1,replayed_pf_result
36,16,1,26,1.02231365740591,0,0,1,replayed_pf_result
36,16,1,27,1.00846524991103,0,0,1,replayed_pf_result
36,16,1,28,1.02306801658476,0,0,1,replayed_pf_result
36,16,1,29,1.02334859012107,0,0,1,replayed_pf_result
36,16,1,30,1,0,0,1,replayed_pf_result
36,16,1,31,1,0,0,1,replayed_pf_result
36,16,1,32,1,0,0,1,replayed_pf_result
36,16,1,33,1,0,0,1,replayed_pf_result
36,16,1,34,1,0,0,1,replayed_pf_result
36,16,1,35,1,0,0,1,replayed_pf_result
36,16,1,36,1,0,0,1,replayed_pf_result
36,16,1,37,1,0,0,1,replayed_pf_result
36,16,1,38,1,0,0,1,replayed_pf_result
36,16,1,39,1,0,0,1,replayed_pf_result
36,17,1,1,1.00391570728447,0,0,1,replayed_pf_result
36,17,1,2,1.01274158403858,0,0,1,replayed_pf_result
36,17,1,3,1.00226417003641,0,0,1,replayed_pf_result
36,17,1,4,0.987554638358075,0,0,1,replayed_pf_result
36,17,1,5,0.994553990794936,0,0,1,replayed_pf_result
36,17,1,6,0.998556526535875,0,0,1,replayed_pf_result
36,17,1,7,0.986029762991018,0,0,1,replayed_pf_result
36,17,1,8,0.984335706214334,0,0,1,replayed_pf_result
36,17,1,9,1.01357926395383,0,0,1,replayed_pf_result
36,17,1,10,1.01255279097866,0,0,1,replayed_pf_result
36,17,1,11,1.00660969861456,0,0,1,replayed_pf_result
36,17,1,12,0.993177167522823,0,0,1,replayed_pf_result
36,17,1,13,1.00681485655691,0,0,1,replayed_pf_result
36,17,1,14,0.997599095290149,0,0,1,replayed_pf_result
36,17,1,15,0.991302871245063,0,0,1,replayed_pf_result
36,17,1,16,1.00366450681117,0,0,1,replayed_pf_result
36,17,1,17,1.00509355366044,0,0,1,replayed_pf_result
36,17,1,18,1.00264885581108,0,0,1,replayed_pf_result
36,17,1,19,1.03832357189755,0,0,1,replayed_pf_result
36,17,1,20,0.97896141038046,0,0,1,replayed_pf_result
36,17,1,21,0.997528771159807,0,0,1,replayed_pf_result
36,17,1,22,1.01046145120376,0,0,1,replayed_pf_result
36,17,1,23,0.98338788279429,0,0,1,replayed_pf_result
36,17,1,24,1.00458031223976,0,0,1,replayed_pf_result
36,17,1,25,1.02229608628178,0,0,1,replayed_pf_result
36,17,1,26,1.02231365740591,0,0,1,replayed_pf_result
36,17,1,27,1.00846524991103,0,0,1,replayed_pf_result
36,17,1,28,1.02306801658476,0,0,1,replayed_pf_result
36,17,1,29,1.02334859012107,0,0,1,replayed_pf_result
36,17,1,30,1,0,0,1,replayed_pf_result
36,17,1,31,1,0,0,1,replayed_pf_result
36,17,1,32,1,0,0,1,replayed_pf_result
36,17,1,33,1,0,0,1,replayed_pf_result
36,17,1,34,1,0,0,1,replayed_pf_result
36,17,1,35,1,0,0,1,replayed_pf_result
36,17,1,36,1,0,0,1,replayed_pf_result
36,17,1,37,1,0,0,1,replayed_pf_result
36,17,1,38,1,0,0,1,replayed_pf_result
36,17,1,39,1,0,0,1,replayed_pf_result
36,18,1,1,1.00391570728447,0,0,1,replayed_pf_result
36,18,1,2,1.01274158403858,0,0,1,replayed_pf_result
36,18,1,3,1.00226417003641,0,0,1,replayed_pf_result
36,18,1,4,0.987554638358075,0,0,1,replayed_pf_result
36,18,1,5,0.994553990794936,0,0,1,replayed_pf_result
36,18,1,6,0.998556526535875,0,0,1,replayed_pf_result
36,18,1,7,0.986029762991018,0,0,1,replayed_pf_result
36,18,1,8,0.984335706214334,0,0,1,replayed_pf_result
36,18,1,9,1.01357926395383,0,0,1,replayed_pf_result
36,18,1,10,1.01255279097866,0,0,1,replayed_pf_result
36,18,1,11,1.00660969861456,0,0,1,replayed_pf_result
36,18,1,12,0.993177167522823,0,0,1,replayed_pf_result
36,18,1,13,1.00681485655691,0,0,1,replayed_pf_result
36,18,1,14,0.997599095290149,0,0,1,replayed_pf_result
36,18,1,15,0.991302871245063,0,0,1,replayed_pf_result
36,18,1,16,1.00366450681117,0,0,1,replayed_pf_result
36,18,1,17,1.00509355366044,0,0,1,replayed_pf_result
36,18,1,18,1.00264885581108,0,0,1,replayed_pf_result
36,18,1,19,1.03832357189755,0,0,1,replayed_pf_result
36,18,1,20,0.97896141038046,0,0,1,replayed_pf_result
36,18,1,21,0.997528771159807,0,0,1,replayed_pf_result
36,18,1,22,1.01046145120376,0,0,1,replayed_pf_result
36,18,1,23,0.98338788279429,0,0,1,replayed_pf_result
36,18,1,24,1.00458031223976,0,0,1,replayed_pf_result
36,18,1,25,1.02229608628178,0,0,1,replayed_pf_result
36,18,1,26,1.02231365740591,0,0,1,replayed_pf_result
36,18,1,27,1.00846524991103,0,0,1,replayed_pf_result
36,18,1,28,1.02306801658476,0,0,1,replayed_pf_result
36,18,1,29,1.02334859012107,0,0,1,replayed_pf_result
36,18,1,30,1,0,0,1,replayed_pf_result
36,18,1,31,1,0,0,1,replayed_pf_result
36,18,1,32,1,0,0,1,replayed_pf_result
36,18,1,33,1,0,0,1,replayed_pf_result
36,18,1,34,1,0,0,1,replayed_pf_result
36,18,1,35,1,0,0,1,replayed_pf_result
36,18,1,36,1,0,0,1,replayed_pf_result
36,18,1,37,1,0,0,1,replayed_pf_result
36,18,1,38,1,0,0,1,replayed_pf_result
36,18,1,39,1,0,0,1,replayed_pf_result
36,19,1,1,1.00391570728447,0,0,1,replayed_pf_result
36,19,1,2,1.01274158403858,0,0,1,replayed_pf_result
36,19,1,3,1.00226417003641,0,0,1,replayed_pf_result
36,19,1,4,0.987554638358075,0,0,1,replayed_pf_result
36,19,1,5,0.994553990794936,0,0,1,replayed_pf_result
36,19,1,6,0.998556526535875,0,0,1,replayed_pf_result
36,19,1,7,0.986029762991018,0,0,1,replayed_pf_result
36,19,1,8,0.984335706214334,0,0,1,replayed_pf_result
36,19,1,9,1.01357926395383,0,0,1,replayed_pf_result
36,19,1,10,1.01255279097866,0,0,1,replayed_pf_result
36,19,1,11,1.00660969861456,0,0,1,replayed_pf_result
36,19,1,12,0.993177167522823,0,0,1,replayed_pf_result
36,19,1,13,1.00681485655691,0,0,1,replayed_pf_result
36,19,1,14,0.997599095290149,0,0,1,replayed_pf_result
36,19,1,15,0.991302871245063,0,0,1,replayed_pf_result
36,19,1,16,1.00366450681117,0,0,1,replayed_pf_result
36,19,1,17,1.00509355366044,0,0,1,replayed_pf_result
36,19,1,18,1.00264885581108,0,0,1,replayed_pf_result
36,19,1,19,1.03832357189755,0,0,1,replayed_pf_result
36,19,1,20,0.97896141038046,0,0,1,replayed_pf_result
36,19,1,21,0.997528771159807,0,0,1,replayed_pf_result
36,19,1,22,1.01046145120376,0,0,1,replayed_pf_result
36,19,1,23,0.98338788279429,0,0,1,replayed_pf_result
36,19,1,24,1.00458031223976,0,0,1,replayed_pf_result
36,19,1,25,1.02229608628178,0,0,1,replayed_pf_result
36,19,1,26,1.02231365740591,0,0,1,replayed_pf_result
36,19,1,27,1.00846524991103,0,0,1,replayed_pf_result
36,19,1,28,1.02306801658476,0,0,1,replayed_pf_result
36,19,1,29,1.02334859012107,0,0,1,replayed_pf_result
36,19,1,30,1,0,0,1,replayed_pf_result
36,19,1,31,1,0,0,1,replayed_pf_result
36,19,1,32,1,0,0,1,replayed_pf_result
36,19,1,33,1,0,0,1,replayed_pf_result
36,19,1,34,1,0,0,1,replayed_pf_result
36,19,1,35,1,0,0,1,replayed_pf_result
36,19,1,36,1,0,0,1,replayed_pf_result
36,19,1,37,1,0,0,1,replayed_pf_result
36,19,1,38,1,0,0,1,replayed_pf_result
36,19,1,39,1,0,0,1,replayed_pf_result
36,20,1,1,1.00391570728447,0,0,1,replayed_pf_result
36,20,1,2,1.01274158403858,0,0,1,replayed_pf_result
36,20,1,3,1.00226417003641,0,0,1,replayed_pf_result
36,20,1,4,0.987554638358075,0,0,1,replayed_pf_result
36,20,1,5,0.994553990794936,0,0,1,replayed_pf_result
36,20,1,6,0.998556526535875,0,0,1,replayed_pf_result
36,20,1,7,0.986029762991018,0,0,1,replayed_pf_result
36,20,1,8,0.984335706214334,0,0,1,replayed_pf_result
36,20,1,9,1.01357926395383,0,0,1,replayed_pf_result
36,20,1,10,1.01255279097866,0,0,1,replayed_pf_result
36,20,1,11,1.00660969861456,0,0,1,replayed_pf_result
36,20,1,12,0.993177167522823,0,0,1,replayed_pf_result
36,20,1,13,1.00681485655691,0,0,1,replayed_pf_result
36,20,1,14,0.997599095290149,0,0,1,replayed_pf_result
36,20,1,15,0.991302871245063,0,0,1,replayed_pf_result
36,20,1,16,1.00366450681117,0,0,1,replayed_pf_result
36,20,1,17,1.00509355366044,0,0,1,replayed_pf_result
36,20,1,18,1.00264885581108,0,0,1,replayed_pf_result
36,20,1,19,1.03832357189755,0,0,1,replayed_pf_result
36,20,1,20,0.97896141038046,0,0,1,replayed_pf_result
36,20,1,21,0.997528771159807,0,0,1,replayed_pf_result
36,20,1,22,1.01046145120376,0,0,1,replayed_pf_result
36,20,1,23,0.98338788279429,0,0,1,replayed_pf_result
36,20,1,24,1.00458031223976,0,0,1,replayed_pf_result
36,20,1,25,1.02229608628178,0,0,1,replayed_pf_result
36,20,1,26,1.02231365740591,0,0,1,replayed_pf_result
36,20,1,27,1.00846524991103,0,0,1,replayed_pf_result
36,20,1,28,1.02306801658476,0,0,1,replayed_pf_result
36,20,1,29,1.02334859012107,0,0,1,replayed_pf_result
36,20,1,30,1,0,0,1,replayed_pf_result
36,20,1,31,1,0,0,1,replayed_pf_result
36,20,1,32,1,0,0,1,replayed_pf_result
36,20,1,33,1,0,0,1,replayed_pf_result
36,20,1,34,1,0,0,1,replayed_pf_result
36,20,1,35,1,0,0,1,replayed_pf_result
36,20,1,36,1,0,0,1,replayed_pf_result
36,20,1,37,1,0,0,1,replayed_pf_result
36,20,1,38,1,0,0,1,replayed_pf_result
36,20,1,39,1,0,0,1,replayed_pf_result
37,1,1,1,1.00397059405782,0,0,1,replayed_pf_result
37,1,1,2,1.00814339117949,0,0,1,replayed_pf_result
37,1,1,3,0.988341585091989,0,0,1,replayed_pf_result
37,1,1,4,0.961599043740944,0,0,1,replayed_pf_result
37,1,1,5,0.964104688493868,0,0,1,replayed_pf_result
37,1,1,6,0.967784068121541,0,0,1,replayed_pf_result
37,1,1,7,0.95599768271842,0,0,1,replayed_pf_result
37,1,1,8,0.955036829104297,0,0,1,replayed_pf_result
37,1,1,9,1.00011018334134,0,0,1,replayed_pf_result
37,1,1,10,0.990046595250762,0,0,1,replayed_pf_result
37,1,1,11,0.981377628930496,0,0,1,replayed_pf_result
37,1,1,12,0.967917328986232,0,0,1,replayed_pf_result
37,1,1,13,0.982973853249135,0,0,1,replayed_pf_result
37,1,1,14,0.972617225163223,0,0,1,replayed_pf_result
37,1,1,15,0.972276423742269,0,0,1,replayed_pf_result
37,1,1,16,0.989022100462228,0,0,1,replayed_pf_result
37,1,1,17,0.991478251193368,0,0,1,replayed_pf_result
37,1,1,18,0.988761848000412,0,0,1,replayed_pf_result
37,1,1,19,1.03293945777838,0,0,1,replayed_pf_result
37,1,1,20,0.976021771146374,0,0,1,replayed_pf_result
37,1,1,21,0.976877664031712,0,0,1,replayed_pf_result
37,1,1,22,0.979972472601553,0,0,1,replayed_pf_result
37,1,1,23,0.980544550310656,0,0,1,replayed_pf_result
37,1,1,24,0.992485646773188,0,0,1,replayed_pf_result
37,1,1,25,1.01547891586923,0,0,1,replayed_pf_result
37,1,1,26,1.01346980379789,0,0,1,replayed_pf_result
37,1,1,27,0.997085854959643,0,0,1,replayed_pf_result
37,1,1,28,1.01850544866794,0,0,1,replayed_pf_result
37,1,1,29,1.02022169325357,0,0,1,replayed_pf_result
37,1,1,30,1,0,0,1,replayed_pf_result
37,1,1,31,1,0,0,1,replayed_pf_result
37,1,1,32,1,0,0,1,replayed_pf_result
37,1,1,33,1,0,0,1,replayed_pf_result
37,1,1,34,1,0,0,1,replayed_pf_result
37,1,1,35,1.0494,0,0,1,replayed_pf_result
37,1,1,36,1,0,0,1,replayed_pf_result
37,1,1,37,1,0,0,1,replayed_pf_result
37,1,1,38,1,0,0,1,replayed_pf_result
37,1,1,39,1,0,0,1,replayed_pf_result
37,2,1,1,1.00397059405782,0,0,1,replayed_pf_result
37,2,1,2,1.00814339117949,0,0,1,replayed_pf_result
37,2,1,3,0.988341585091989,0,0,1,replayed_pf_result
37,2,1,4,0.961599043740944,0,0,1,replayed_pf_result
37,2,1,5,0.964104688493868,0,0,1,replayed_pf_result
37,2,1,6,0.967784068121541,0,0,1,replayed_pf_result
37,2,1,7,0.95599768271842,0,0,1,replayed_pf_result
37,2,1,8,0.955036829104297,0,0,1,replayed_pf_result
37,2,1,9,1.00011018334134,0,0,1,replayed_pf_result
37,2,1,10,0.990046595250762,0,0,1,replayed_pf_result
37,2,1,11,0.981377628930496,0,0,1,replayed_pf_result
37,2,1,12,0.967917328986232,0,0,1,replayed_pf_result
37,2,1,13,0.982973853249135,0,0,1,replayed_pf_result
37,2,1,14,0.972617225163223,0,0,1,replayed_pf_result
37,2,1,15,0.972276423742269,0,0,1,replayed_pf_result
37,2,1,16,0.989022100462228,0,0,1,replayed_pf_result
37,2,1,17,0.991478251193368,0,0,1,replayed_pf_result
37,2,1,18,0.988761848000412,0,0,1,replayed_pf_result
37,2,1,19,1.03293945777838,0,0,1,replayed_pf_result
37,2,1,20,0.976021771146374,0,0,1,replayed_pf_result
37,2,1,21,0.976877664031712,0,0,1,replayed_pf_result
37,2,1,22,0.979972472601553,0,0,1,replayed_pf_result
37,2,1,23,0.980544550310656,0,0,1,replayed_pf_result
37,2,1,24,0.992485646773188,0,0,1,replayed_pf_result
37,2,1,25,1.01547891586923,0,0,1,replayed_pf_result
37,2,1,26,1.01346980379789,0,0,1,replayed_pf_result
37,2,1,27,0.997085854959643,0,0,1,replayed_pf_result
37,2,1,28,1.01850544866794,0,0,1,replayed_pf_result
37,2,1,29,1.02022169325357,0,0,1,replayed_pf_result
37,2,1,30,1,0,0,1,replayed_pf_result
37,2,1,31,1,0,0,1,replayed_pf_result
37,2,1,32,1,0,0,1,replayed_pf_result
37,2,1,33,1,0,0,1,replayed_pf_result
37,2,1,34,1,0,0,1,replayed_pf_result
37,2,1,35,1.0494,0,0,1,replayed_pf_result
37,2,1,36,1,0,0,1,replayed_pf_result
37,2,1,37,1,0,0,1,replayed_pf_result
37,2,1,38,1,0,0,1,replayed_pf_result
37,2,1,39,1,0,0,1,replayed_pf_result
37,3,1,1,1.00397059405782,0,0,1,replayed_pf_result
37,3,1,2,1.00814339117949,0,0,1,replayed_pf_result
37,3,1,3,0.988341585091989,0,0,1,replayed_pf_result
37,3,1,4,0.961599043740944,0,0,1,replayed_pf_result
37,3,1,5,0.964104688493868,0,0,1,replayed_pf_result
37,3,1,6,0.967784068121541,0,0,1,replayed_pf_result
37,3,1,7,0.95599768271842,0,0,1,replayed_pf_result
37,3,1,8,0.955036829104297,0,0,1,replayed_pf_result
37,3,1,9,1.00011018334134,0,0,1,replayed_pf_result
37,3,1,10,0.990046595250762,0,0,1,replayed_pf_result
37,3,1,11,0.981377628930496,0,0,1,replayed_pf_result
37,3,1,12,0.967917328986232,0,0,1,replayed_pf_result
37,3,1,13,0.982973853249135,0,0,1,replayed_pf_result
37,3,1,14,0.972617225163223,0,0,1,replayed_pf_result
37,3,1,15,0.972276423742269,0,0,1,replayed_pf_result
37,3,1,16,0.989022100462228,0,0,1,replayed_pf_result
37,3,1,17,0.991478251193368,0,0,1,replayed_pf_result
37,3,1,18,0.988761848000412,0,0,1,replayed_pf_result
37,3,1,19,1.03293945777838,0,0,1,replayed_pf_result
37,3,1,20,0.976021771146374,0,0,1,replayed_pf_result
37,3,1,21,0.976877664031712,0,0,1,replayed_pf_result
37,3,1,22,0.979972472601553,0,0,1,replayed_pf_result
37,3,1,23,0.980544550310656,0,0,1,replayed_pf_result
37,3,1,24,0.992485646773188,0,0,1,replayed_pf_result
37,3,1,25,1.01547891586923,0,0,1,replayed_pf_result
37,3,1,26,1.01346980379789,0,0,1,replayed_pf_result
37,3,1,27,0.997085854959643,0,0,1,replayed_pf_result
37,3,1,28,1.01850544866794,0,0,1,replayed_pf_result
37,3,1,29,1.02022169325357,0,0,1,replayed_pf_result
37,3,1,30,1,0,0,1,replayed_pf_result
37,3,1,31,1,0,0,1,replayed_pf_result
37,3,1,32,1,0,0,1,replayed_pf_result
37,3,1,33,1,0,0,1,replayed_pf_result
37,3,1,34,1,0,0,1,replayed_pf_result
37,3,1,35,1.0494,0,0,1,replayed_pf_result
37,3,1,36,1,0,0,1,replayed_pf_result
37,3,1,37,1,0,0,1,replayed_pf_result
37,3,1,38,1,0,0,1,replayed_pf_result
37,3,1,39,1,0,0,1,replayed_pf_result
37,4,1,1,1.00397059405782,0,0,1,replayed_pf_result
37,4,1,2,1.00814339117949,0,0,1,replayed_pf_result
37,4,1,3,0.988341585091989,0,0,1,replayed_pf_result
37,4,1,4,0.961599043740944,0,0,1,replayed_pf_result
37,4,1,5,0.964104688493868,0,0,1,replayed_pf_result
37,4,1,6,0.967784068121541,0,0,1,replayed_pf_result
37,4,1,7,0.95599768271842,0,0,1,replayed_pf_result
37,4,1,8,0.955036829104297,0,0,1,replayed_pf_result
37,4,1,9,1.00011018334134,0,0,1,replayed_pf_result
37,4,1,10,0.990046595250762,0,0,1,replayed_pf_result
37,4,1,11,0.981377628930496,0,0,1,replayed_pf_result
37,4,1,12,0.967917328986232,0,0,1,replayed_pf_result
37,4,1,13,0.982973853249135,0,0,1,replayed_pf_result
37,4,1,14,0.972617225163223,0,0,1,replayed_pf_result
37,4,1,15,0.972276423742269,0,0,1,replayed_pf_result
37,4,1,16,0.989022100462228,0,0,1,replayed_pf_result
37,4,1,17,0.991478251193368,0,0,1,replayed_pf_result
37,4,1,18,0.988761848000412,0,0,1,replayed_pf_result
37,4,1,19,1.03293945777838,0,0,1,replayed_pf_result
37,4,1,20,0.976021771146374,0,0,1,replayed_pf_result
37,4,1,21,0.976877664031712,0,0,1,replayed_pf_result
37,4,1,22,0.979972472601553,0,0,1,replayed_pf_result
37,4,1,23,0.980544550310656,0,0,1,replayed_pf_result
37,4,1,24,0.992485646773188,0,0,1,replayed_pf_result
37,4,1,25,1.01547891586923,0,0,1,replayed_pf_result
37,4,1,26,1.01346980379789,0,0,1,replayed_pf_result
37,4,1,27,0.997085854959643,0,0,1,replayed_pf_result
37,4,1,28,1.01850544866794,0,0,1,replayed_pf_result
37,4,1,29,1.02022169325357,0,0,1,replayed_pf_result
37,4,1,30,1,0,0,1,replayed_pf_result
37,4,1,31,1,0,0,1,replayed_pf_result
37,4,1,32,1,0,0,1,replayed_pf_result
37,4,1,33,1,0,0,1,replayed_pf_result
37,4,1,34,1,0,0,1,replayed_pf_result
37,4,1,35,1.0494,0,0,1,replayed_pf_result
37,4,1,36,1,0,0,1,replayed_pf_result
37,4,1,37,1,0,0,1,replayed_pf_result
37,4,1,38,1,0,0,1,replayed_pf_result
37,4,1,39,1,0,0,1,replayed_pf_result
37,4,2,1,1.00452767632411,0,0,1,replayed_pf_result
37,4,2,2,1.00422999753058,0,0,1,replayed_pf_result
37,4,2,3,0.97808904330758,0,0,1,replayed_pf_result
37,4,2,4,0.941680843669636,0,0,1,replayed_pf_result
37,4,2,5,0.95465349299668,0,0,1,replayed_pf_result
37,4,2,6,0.957467186251275,0,0,1,replayed_pf_result
37,4,2,7,0.945211427517964,0,0,1,replayed_pf_result
37,4,2,8,0.944111586436602,0,0,1,replayed_pf_result
37,4,2,9,0.99220467811486,0,0,1,replayed_pf_result
37,4,2,10,0.973924290160837,0,0,1,replayed_pf_result
37,4,2,11,0.966658968128842,0,0,1,replayed_pf_result
37,4,2,12,0.949806524592079,0,0,1,replayed_pf_result
37,4,2,13,0.963268946740278,0,0,1,replayed_pf_result
37,4,2,14,0.950197133164543,0,0,1,replayed_pf_result
37,4,2,15,0.958612659725545,0,0,1,replayed_pf_result
37,4,2,16,0.979975735524667,0,0,1,replayed_pf_result
37,4,2,17,0.982822510108036,0,0,1,replayed_pf_result
37,4,2,18,0.979528791244101,0,0,1,replayed_pf_result
37,4,2,19,1.02961275429605,0,0,1,replayed_pf_result
37,4,2,20,0.974205288540184,0,0,1,replayed_pf_result
37,4,2,21,0.969011384071128,0,0,1,replayed_pf_result
37,4,2,22,0.973519255139287,0,0,1,replayed_pf_result
37,4,2,23,0.975080687659885,0,0,1,replayed_pf_result
37,4,2,24,0.98397609214522,0,0,1,replayed_pf_result
37,4,2,25,1.01191624326374,0,0,1,replayed_pf_result
37,4,2,26,1.00856487120704,0,0,1,replayed_pf_result
37,4,2,27,0.990347586991593,0,0,1,replayed_pf_result
37,4,2,28,1.015974716335,0,0,1,replayed_pf_result
37,4,2,29,1.01848728344485,0,0,1,replayed_pf_result
37,4,2,30,1,0,0,1,replayed_pf_result
37,4,2,31,1,0,0,1,replayed_pf_result
37,4,2,32,1,0,0,1,replayed_pf_result
37,4,2,33,1,0,0,1,replayed_pf_result
37,4,2,34,1,0,0,1,replayed_pf_result
37,4,2,35,1.0494,0,0,1,replayed_pf_result
37,4,2,36,1,0,0,1,replayed_pf_result
37,4,2,37,1,0,0,1,replayed_pf_result
37,4,2,38,1,0,0,1,replayed_pf_result
37,4,2,39,1,0,0,1,replayed_pf_result
37,4,3,1,0.984170398308735,0,0,1,replayed_after_load_shedding
37,4,3,2,0.98364667889449,0,0,1,replayed_after_load_shedding
37,4,3,3,0.946896098393936,0,0,1,replayed_after_load_shedding
37,4,3,4,0.897399350495251,0.0026006495047487,0.15154872058697,1,replayed_after_load_shedding
37,4,3,5,0.950545091243427,0,0,1,replayed_after_load_shedding
37,4,3,6,0.957220949919249,0,0,1,replayed_after_load_shedding
37,4,3,7,0.932908534786343,0,0,1,replayed_after_load_shedding
37,4,3,8,0.92620386978522,0,0,1,replayed_after_load_shedding
37,4,3,9,0.94668632714596,0,0,1,replayed_after_load_shedding
37,4,3,10,0.992654838410737,0,0,1,replayed_after_load_shedding
37,4,3,11,0.977584677489154,0,0,1,replayed_after_load_shedding
37,4,3,12,0.946478025170503,0,0,1,replayed_after_load_shedding
37,4,3,13,0.940833027008453,0,0,1,replayed_after_load_shedding
37,4,3,14,0.971105766273105,0,0,1,replayed_after_load_shedding
37,4,3,15,0.967249461059311,0,0,1,replayed_after_load_shedding
37,4,3,16,0.979574588733061,0,0,1,replayed_after_load_shedding
37,4,3,17,0.972328911406554,0,0,1,replayed_after_load_shedding
37,4,3,18,0.961203522483585,0,0,1,replayed_after_load_shedding
37,4,3,19,1.0298622226068,0,0,1,replayed_after_load_shedding
37,4,3,20,0.975558017681887,0,0,1,replayed_after_load_shedding
37,4,3,21,0.970377889151319,0,0,1,replayed_after_load_shedding
37,4,3,22,0.974784217979705,0,0,1,replayed_after_load_shedding
37,4,3,23,0.976326951606522,0,0,1,replayed_after_load_shedding
37,4,3,24,0.983400922161544,0,0,1,replayed_after_load_shedding
37,4,3,25,0.994027012792192,0,0,1,replayed_after_load_shedding
37,4,3,26,0.995440090699269,0,0,1,replayed_after_load_shedding
37,4,3,27,0.977912456381313,0,0,1,replayed_after_load_shedding
37,4,3,28,1.01004129424981,0,0,1,replayed_after_load_shedding
37,4,3,29,1.01445766907351,0,0,1,replayed_after_load_shedding
37,4,3,30,1,0,0,1,replayed_after_load_shedding
37,4,3,31,1,0,0,1,replayed_after_load_shedding
37,4,3,32,1,0,0,1,replayed_after_load_shedding
37,4,3,33,1,0,0,1,replayed_after_load_shedding
37,4,3,34,1,0,0,1,replayed_after_load_shedding
37,4,3,35,1.0494,0,0,1,replayed_after_load_shedding
37,4,3,36,1,0,0,1,replayed_after_load_shedding
37,4,3,37,1,0,0,1,replayed_after_load_shedding
37,4,3,38,1,0,0,1,replayed_after_load_shedding
37,4,3,39,1,0,0,1,replayed_after_load_shedding
37,4,4,1,1.0093470613113,0,0,1,replayed_after_load_shedding
37,4,4,2,1.00975483452125,0,0,1,replayed_after_load_shedding
37,4,4,3,0.748630875506672,0.151369124493328,9.51101415191681,1,replayed_after_load_shedding
37,4,4,4,0.690703863807607,0.209296136192393,13.5490011178328,1,replayed_after_load_shedding
37,4,4,5,1.01142600537468,0,0,1,replayed_after_load_shedding
37,4,4,6,1.01341021791513,0,0,1,replayed_after_load_shedding
37,4,4,7,1.00425594146962,0,0,1,replayed_after_load_shedding
37,4,4,8,1.00287224472084,0,0,1,replayed_after_load_shedding
37,4,4,9,1.01871765284768,0,0,1,replayed_after_load_shedding
37,4,4,10,1.0178431,0,0,1,replayed_after_load_shedding
37,4,4,11,1.0133858,0,0,1,replayed_after_load_shedding
37,4,4,12,1.000815,0,0,1,replayed_after_load_shedding
37,4,4,13,1.014923,0,0,1,replayed_after_load_shedding
37,4,4,14,0.883854488097372,0.0161455119026284,0.947257586792449,1,replayed_after_load_shedding
37,4,4,15,0.880344661681897,0.019655338318103,1.1552107446531,1,replayed_after_load_shedding
37,4,4,16,0.891961610073722,0.00803838992627848,0.469700859944592,1,replayed_after_load_shedding
37,4,4,17,0.843066321253421,0.0569336787465792,3.40954553398001,1,replayed_after_load_shedding
37,4,4,18,0.80076096904537,0.0992390309546304,6.07177678282097,1,replayed_after_load_shedding
37,4,4,19,0.99788482165157,0,0,1,replayed_after_load_shedding
37,4,4,20,0.959710119333353,0,0,1,replayed_after_load_shedding
37,4,4,21,0.896616703848478,0.00338329615152166,0.197233416653218,1,replayed_after_load_shedding
37,4,4,22,0.914410411665476,0,0,1,replayed_after_load_shedding
37,4,4,23,0.925433839437123,0,0,1,replayed_after_load_shedding
37,4,4,24,0.900641947645896,0,0,1,replayed_after_load_shedding
37,4,4,25,0.970786524520168,0,0,1,replayed_after_load_shedding
37,4,4,26,0.89997198533125,2.80146687504645e-05,0.00163041130394906,1,replayed_after_load_shedding
37,4,4,27,0.852258734558405,0.0477412654415948,2.84582150162836,1,replayed_after_load_shedding
37,4,4,28,0.961733207924652,0,0,1,replayed_after_load_shedding
37,4,4,29,0.981384558881187,0,0,1,replayed_after_load_shedding
37,4,4,30,1,0,0,1,replayed_after_load_shedding
37,4,4,31,1,0,0,1,replayed_after_load_shedding
37,4,4,32,0.9841,0,0,1,replayed_after_load_shedding
37,4,4,33,1,0,0,1,replayed_after_load_shedding
37,4,4,34,1,0,0,1,replayed_after_load_shedding
37,4,4,35,1.0494,0,0,1,replayed_after_load_shedding
37,4,4,36,1,0,0,1,replayed_after_load_shedding
37,4,4,37,1,0,0,1,replayed_after_load_shedding
37,4,4,38,1,0,0,1,replayed_after_load_shedding
37,4,4,39,1,0,0,1,replayed_after_load_shedding
37,4,5,1,0.966066225579312,0,0,1,replayed_pf_result
37,4,5,2,0.994189656288296,0,0,1,replayed_pf_result
37,4,5,3,1.0307077,0,0,1,replayed_pf_result
37,4,5,4,1.00446,0,0,1,replayed_pf_result
37,4,5,5,1.00228529357392,0,0,1,replayed_pf_result
37,4,5,6,1.00490325864623,0,0,1,replayed_pf_result
37,4,5,7,0.992736728039443,0,0,1,replayed_pf_result
37,4,5,8,0.989929765318798,0,0,1,replayed_pf_result
37,4,5,9,0.999788192283213,0,0,1,replayed_pf_result
37,4,5,10,1.0178431,0,0,1,replayed_pf_result
37,4,5,11,1.0133858,0,0,1,replayed_pf_result
37,4,5,12,1.000815,0,0,1,replayed_pf_result
37,4,5,13,1.014923,0,0,1,replayed_pf_result
37,4,5,14,1.012319,0,0,1,replayed_pf_result
37,4,5,15,1.0161854,0,0,1,replayed_pf_result
37,4,5,16,1.0325203,0,0,1,replayed_pf_result
37,4,5,17,1.0342365,0,0,1,replayed_pf_result
37,4,5,18,1.0315726,0,0,1,replayed_pf_result
37,4,5,19,1.0501068,0,0,1,replayed_pf_result
37,4,5,20,0.99101054,0,0,1,replayed_pf_result
37,4,5,21,1.0323192,0,0,1,replayed_pf_result
37,4,5,22,1.0501427,0,0,1,replayed_pf_result
37,4,5,23,1.0451451,0,0,1,replayed_pf_result
37,4,5,24,1.038001,0,0,1,replayed_pf_result
37,4,5,25,1.01620790662567,0,0,1,replayed_pf_result
37,4,5,26,1.0525613,0,0,1,replayed_pf_result
37,4,5,27,1.0383449,0,0,1,replayed_pf_result
37,4,5,28,1.0503737,0,0,1,replayed_pf_result
37,4,5,29,1.0501149,0,0,1,replayed_pf_result
37,4,5,30,1,0,0,1,replayed_pf_result
37,4,5,31,1,0,0,1,replayed_pf_result
37,4,5,32,0.9841,0,0,1,replayed_pf_result
37,4,5,33,0.9972,0,0,1,replayed_pf_result
37,4,5,34,1.0123,0,0,1,replayed_pf_result
37,4,5,35,1.0494,0,0,1,replayed_pf_result
37,4,5,36,1.0636,0,0,1,replayed_pf_result
37,4,5,37,1,0,0,1,replayed_pf_result
37,4,5,38,1.0265,0,0,1,replayed_pf_result
37,4,5,39,1,0,0,1,replayed_pf_result
37,5,1,1,1.00397059405782,0,0,1,replayed_pf_result
37,5,1,2,1.00814339117949,0,0,1,replayed_pf_result
37,5,1,3,0.988341585091989,0,0,1,replayed_pf_result
37,5,1,4,0.961599043740944,0,0,1,replayed_pf_result
37,5,1,5,0.964104688493868,0,0,1,replayed_pf_result
37,5,1,6,0.967784068121541,0,0,1,replayed_pf_result
37,5,1,7,0.95599768271842,0,0,1,replayed_pf_result
37,5,1,8,0.955036829104297,0,0,1,replayed_pf_result
37,5,1,9,1.00011018334134,0,0,1,replayed_pf_result
37,5,1,10,0.990046595250762,0,0,1,replayed_pf_result
37,5,1,11,0.981377628930496,0,0,1,replayed_pf_result
37,5,1,12,0.967917328986232,0,0,1,replayed_pf_result
37,5,1,13,0.982973853249135,0,0,1,replayed_pf_result
37,5,1,14,0.972617225163223,0,0,1,replayed_pf_result
37,5,1,15,0.972276423742269,0,0,1,replayed_pf_result
37,5,1,16,0.989022100462228,0,0,1,replayed_pf_result
37,5,1,17,0.991478251193368,0,0,1,replayed_pf_result
37,5,1,18,0.988761848000412,0,0,1,replayed_pf_result
37,5,1,19,1.03293945777838,0,0,1,replayed_pf_result
37,5,1,20,0.976021771146374,0,0,1,replayed_pf_result
37,5,1,21,0.976877664031712,0,0,1,replayed_pf_result
37,5,1,22,0.979972472601553,0,0,1,replayed_pf_result
37,5,1,23,0.980544550310656,0,0,1,replayed_pf_result
37,5,1,24,0.992485646773188,0,0,1,replayed_pf_result
37,5,1,25,1.01547891586923,0,0,1,replayed_pf_result
37,5,1,26,1.01346980379789,0,0,1,replayed_pf_result
37,5,1,27,0.997085854959643,0,0,1,replayed_pf_result
37,5,1,28,1.01850544866794,0,0,1,replayed_pf_result
37,5,1,29,1.02022169325357,0,0,1,replayed_pf_result
37,5,1,30,1,0,0,1,replayed_pf_result
37,5,1,31,1,0,0,1,replayed_pf_result
37,5,1,32,1,0,0,1,replayed_pf_result
37,5,1,33,1,0,0,1,replayed_pf_result
37,5,1,34,1,0,0,1,replayed_pf_result
37,5,1,35,1.0494,0,0,1,replayed_pf_result
37,5,1,36,1,0,0,1,replayed_pf_result
37,5,1,37,1,0,0,1,replayed_pf_result
37,5,1,38,1,0,0,1,replayed_pf_result
37,5,1,39,1,0,0,1,replayed_pf_result
37,6,1,1,1.00397059405782,0,0,1,replayed_pf_result
37,6,1,2,1.00814339117949,0,0,1,replayed_pf_result
37,6,1,3,0.988341585091989,0,0,1,replayed_pf_result
37,6,1,4,0.961599043740944,0,0,1,replayed_pf_result
37,6,1,5,0.964104688493868,0,0,1,replayed_pf_result
37,6,1,6,0.967784068121541,0,0,1,replayed_pf_result
37,6,1,7,0.95599768271842,0,0,1,replayed_pf_result
37,6,1,8,0.955036829104297,0,0,1,replayed_pf_result
37,6,1,9,1.00011018334134,0,0,1,replayed_pf_result
37,6,1,10,0.990046595250762,0,0,1,replayed_pf_result
37,6,1,11,0.981377628930496,0,0,1,replayed_pf_result
37,6,1,12,0.967917328986232,0,0,1,replayed_pf_result
37,6,1,13,0.982973853249135,0,0,1,replayed_pf_result
37,6,1,14,0.972617225163223,0,0,1,replayed_pf_result
37,6,1,15,0.972276423742269,0,0,1,replayed_pf_result
37,6,1,16,0.989022100462228,0,0,1,replayed_pf_result
37,6,1,17,0.991478251193368,0,0,1,replayed_pf_result
37,6,1,18,0.988761848000412,0,0,1,replayed_pf_result
37,6,1,19,1.03293945777838,0,0,1,replayed_pf_result
37,6,1,20,0.976021771146374,0,0,1,replayed_pf_result
37,6,1,21,0.976877664031712,0,0,1,replayed_pf_result
37,6,1,22,0.979972472601553,0,0,1,replayed_pf_result
37,6,1,23,0.980544550310656,0,0,1,replayed_pf_result
37,6,1,24,0.992485646773188,0,0,1,replayed_pf_result
37,6,1,25,1.01547891586923,0,0,1,replayed_pf_result
37,6,1,26,1.01346980379789,0,0,1,replayed_pf_result
37,6,1,27,0.997085854959643,0,0,1,replayed_pf_result
37,6,1,28,1.01850544866794,0,0,1,replayed_pf_result
37,6,1,29,1.02022169325357,0,0,1,replayed_pf_result
37,6,1,30,1,0,0,1,replayed_pf_result
37,6,1,31,1,0,0,1,replayed_pf_result
37,6,1,32,1,0,0,1,replayed_pf_result
37,6,1,33,1,0,0,1,replayed_pf_result
37,6,1,34,1,0,0,1,replayed_pf_result
37,6,1,35,1.0494,0,0,1,replayed_pf_result
37,6,1,36,1,0,0,1,replayed_pf_result
37,6,1,37,1,0,0,1,replayed_pf_result
37,6,1,38,1,0,0,1,replayed_pf_result
37,6,1,39,1,0,0,1,replayed_pf_result
37,7,1,1,1.00397059405782,0,0,1,replayed_pf_result
37,7,1,2,1.00814339117949,0,0,1,replayed_pf_result
37,7,1,3,0.988341585091989,0,0,1,replayed_pf_result
37,7,1,4,0.961599043740944,0,0,1,replayed_pf_result
37,7,1,5,0.964104688493868,0,0,1,replayed_pf_result
37,7,1,6,0.967784068121541,0,0,1,replayed_pf_result
37,7,1,7,0.95599768271842,0,0,1,replayed_pf_result
37,7,1,8,0.955036829104297,0,0,1,replayed_pf_result
37,7,1,9,1.00011018334134,0,0,1,replayed_pf_result
37,7,1,10,0.990046595250762,0,0,1,replayed_pf_result
37,7,1,11,0.981377628930496,0,0,1,replayed_pf_result
37,7,1,12,0.967917328986232,0,0,1,replayed_pf_result
37,7,1,13,0.982973853249135,0,0,1,replayed_pf_result
37,7,1,14,0.972617225163223,0,0,1,replayed_pf_result
37,7,1,15,0.972276423742269,0,0,1,replayed_pf_result
37,7,1,16,0.989022100462228,0,0,1,replayed_pf_result
37,7,1,17,0.991478251193368,0,0,1,replayed_pf_result
37,7,1,18,0.988761848000412,0,0,1,replayed_pf_result
37,7,1,19,1.03293945777838,0,0,1,replayed_pf_result
37,7,1,20,0.976021771146374,0,0,1,replayed_pf_result
37,7,1,21,0.976877664031712,0,0,1,replayed_pf_result
37,7,1,22,0.979972472601553,0,0,1,replayed_pf_result
37,7,1,23,0.980544550310656,0,0,1,replayed_pf_result
37,7,1,24,0.992485646773188,0,0,1,replayed_pf_result
37,7,1,25,1.01547891586923,0,0,1,replayed_pf_result
37,7,1,26,1.01346980379789,0,0,1,replayed_pf_result
37,7,1,27,0.997085854959643,0,0,1,replayed_pf_result
37,7,1,28,1.01850544866794,0,0,1,replayed_pf_result
37,7,1,29,1.02022169325357,0,0,1,replayed_pf_result
37,7,1,30,1,0,0,1,replayed_pf_result
37,7,1,31,1,0,0,1,replayed_pf_result
37,7,1,32,1,0,0,1,replayed_pf_result
37,7,1,33,1,0,0,1,replayed_pf_result
37,7,1,34,1,0,0,1,replayed_pf_result
37,7,1,35,1.0494,0,0,1,replayed_pf_result
37,7,1,36,1,0,0,1,replayed_pf_result
37,7,1,37,1,0,0,1,replayed_pf_result
37,7,1,38,1,0,0,1,replayed_pf_result
37,7,1,39,1,0,0,1,replayed_pf_result
37,7,2,1,1.00314790789104,0,0,1,replayed_pf_result
37,7,2,2,1.00363460944573,0,0,1,replayed_pf_result
37,7,2,3,0.976668689259849,0,0,1,replayed_pf_result
37,7,2,4,0.939564124573269,0,0,1,replayed_pf_result
37,7,2,5,0.946976894841195,0,0,1,replayed_pf_result
37,7,2,6,0.952819931358996,0,0,1,replayed_pf_result
37,7,2,7,0.940309957957255,0,0,1,replayed_pf_result
37,7,2,8,0.93927182214485,0,0,1,replayed_pf_result
37,7,2,9,0.992444995803093,0,0,1,replayed_pf_result
37,7,2,10,0.988734127151932,0,0,1,replayed_pf_result
37,7,2,11,0.972934991930099,0,0,1,replayed_pf_result
37,7,2,12,0.938482743349636,0,0,1,replayed_pf_result
37,7,2,13,0.943699120072684,0,0,1,replayed_pf_result
37,7,2,14,0.945611197783753,0,0,1,replayed_pf_result
37,7,2,15,0.957141474146001,0,0,1,replayed_pf_result
37,7,2,16,0.978899563565684,0,0,1,replayed_pf_result
37,7,2,17,0.981424421902389,0,0,1,replayed_pf_result
37,7,2,18,0.977946945374107,0,0,1,replayed_pf_result
37,7,2,19,1.02921698850515,0,0,1,replayed_pf_result
37,7,2,20,0.973989180221654,0,0,1,replayed_pf_result
37,7,2,21,0.968075418234691,0,0,1,replayed_pf_result
37,7,2,22,0.972751392419847,0,0,1,replayed_pf_result
37,7,2,23,0.974430534029565,0,0,1,replayed_pf_result
37,7,2,24,0.982963786646525,0,0,1,replayed_pf_result
37,7,2,25,1.01090258242666,0,0,1,replayed_pf_result
37,7,2,26,1.00742550199855,0,0,1,replayed_pf_result
37,7,2,27,0.989022133916815,0,0,1,replayed_pf_result
37,7,2,28,1.01538682405108,0,0,1,replayed_pf_result
37,7,2,29,1.0180843773562,0,0,1,replayed_pf_result
37,7,2,30,1,0,0,1,replayed_pf_result
37,7,2,31,1,0,0,1,replayed_pf_result
37,7,2,32,1,0,0,1,replayed_pf_result
37,7,2,33,1,0,0,1,replayed_pf_result
37,7,2,34,1,0,0,1,replayed_pf_result
37,7,2,35,1.0494,0,0,1,replayed_pf_result
37,7,2,36,1,0,0,1,replayed_pf_result
37,7,2,37,1,0,0,1,replayed_pf_result
37,7,2,38,1,0,0,1,replayed_pf_result
37,7,2,39,1,0,0,1,replayed_pf_result
37,7,3,1,1.0010902022087,0,0,1,replayed_after_load_shedding
37,7,3,2,0.991588684697665,0,0,1,replayed_after_load_shedding
37,7,3,3,0.949831145918075,0,0,1,replayed_after_load_shedding
37,7,3,4,0.890122265107325,0.00987773489267552,0.577709696795078,1,replayed_after_load_shedding
37,7,3,5,0.798149800763061,0.101850199236939,6.23981441737011,1,replayed_after_load_shedding
37,7,3,6,0.814350982828615,0.0856490171713853,5.20426222488583,1,replayed_after_load_shedding
37,7,3,7,0.79623944463868,0.10376055536132,6.3630306176175,1,replayed_after_load_shedding
37,7,3,8,0.797490083455957,0.102509916544043,6.28233896706806,1,replayed_after_load_shedding
37,7,3,9,0.925475753717631,0,0,1,replayed_after_load_shedding
37,7,3,10,1.0178431,0,0,1,replayed_after_load_shedding
37,7,3,11,0.7979884264748,0.1020115735252,6.25021380974088,1,replayed_after_load_shedding
37,7,3,12,0.77009421504126,0.12990578495874,8.07324452357944,1,replayed_after_load_shedding
37,7,3,13,0.854782630512317,0.0452173694876828,2.6919483402873,1,replayed_after_load_shedding
37,7,3,14,0.881315027992496,0.018684972007504,1.09764464269497,1,replayed_after_load_shedding
37,7,3,15,0.924796786327211,0,0,1,replayed_after_load_shedding
37,7,3,16,0.958357390155984,0,0,1,replayed_after_load_shedding
37,7,3,17,0.961323417325493,0,0,1,replayed_after_load_shedding
37,7,3,18,0.955620091639626,0,0,1,replayed_after_load_shedding
37,7,3,19,1.02205565644458,0,0,1,replayed_after_load_shedding
37,7,3,20,0.971302521862242,0,0,1,replayed_after_load_shedding
37,7,3,21,0.951949360097398,0,0,1,replayed_after_load_shedding
37,7,3,22,0.959662263374735,0,0,1,replayed_after_load_shedding
37,7,3,23,0.963522851753561,0,0,1,replayed_after_load_shedding
37,7,3,24,0.963437942185924,0,0,1,replayed_after_load_shedding
37,7,3,25,1.00310212367836,0,0,1,replayed_after_load_shedding
37,7,3,26,0.996974957742709,0,0,1,replayed_after_load_shedding
37,7,3,27,0.974399446967667,0,0,1,replayed_after_load_shedding
37,7,3,28,1.01083313925169,0,0,1,replayed_after_load_shedding
37,7,3,29,1.01500042228788,0,0,1,replayed_after_load_shedding
37,7,3,30,1,0,0,1,replayed_after_load_shedding
37,7,3,31,1,0,0,1,replayed_after_load_shedding
37,7,3,32,0.9841,0,0,1,replayed_after_load_shedding
37,7,3,33,1,0,0,1,replayed_after_load_shedding
37,7,3,34,1,0,0,1,replayed_after_load_shedding
37,7,3,35,1.0494,0,0,1,replayed_after_load_shedding
37,7,3,36,0.999999999999999,0,0,1,replayed_after_load_shedding
37,7,3,37,1,0,0,1,replayed_after_load_shedding
37,7,3,38,1,0,0,1,replayed_after_load_shedding
37,7,3,39,1,0,0,1,replayed_after_load_shedding
37,7,4,1,1.01183306303369,0,0,1,replayed_after_load_shedding
37,7,4,2,1.0164237107633,0,0,1,replayed_after_load_shedding
37,7,4,3,0.887722613757632,0.0122773862423682,0.718919477020445,1,replayed_after_load_shedding
37,7,4,4,0.873710502995456,0.0262894970045436,1.55027619303644,1,replayed_after_load_shedding
37,7,4,5,0.746906733202565,0.153093266797435,9.62785425534161,1,replayed_after_load_shedding
37,7,4,6,1.0082256,0,0,1,replayed_after_load_shedding
37,7,4,7,0.741392758799564,0.158607241200436,10.0028754421803,1,replayed_after_load_shedding
37,7,4,8,0.746289371276,0.153710628724,9.66974008011664,1,replayed_after_load_shedding
37,7,4,9,0.894866874557658,0.0051331254423419,0.299503982208703,1,replayed_after_load_shedding
37,7,4,10,1.0178431,0,0,1,replayed_after_load_shedding
37,7,4,11,1.0133858,0,0,1,replayed_after_load_shedding
37,7,4,12,1.000815,0,0,1,replayed_after_load_shedding
37,7,4,13,0.889319115815928,0.0106808841840724,0.624934063471665,1,replayed_after_load_shedding
37,7,4,14,0.888545308588947,0.0114546914110533,0.670469035510481,1,replayed_after_load_shedding
37,7,4,15,0.908866966024162,0,0,1,replayed_after_load_shedding
37,7,4,16,0.931993033664849,0,0,1,replayed_after_load_shedding
37,7,4,17,0.912556250955653,0,0,1,replayed_after_load_shedding
37,7,4,18,0.900374507478004,0,0,1,replayed_after_load_shedding
37,7,4,19,1.01264626385811,0,0,1,replayed_after_load_shedding
37,7,4,20,0.967742610779448,0,0,1,replayed_after_load_shedding
37,7,4,21,0.9313812828424,0,0,1,replayed_after_load_shedding
37,7,4,22,0.942960037391605,0,0,1,replayed_after_load_shedding
37,7,4,23,0.949613875038115,0,0,1,replayed_after_load_shedding
37,7,4,24,0.93832332296432,0,0,1,replayed_after_load_shedding
37,7,4,25,0.983222140697852,0,0,1,replayed_after_load_shedding
37,7,4,26,0.938628509305381,0,0,1,replayed_after_load_shedding
37,7,4,27,0.90863457147255,0,0,1,replayed_after_load_shedding
37,7,4,28,0.981707576778116,0,0,1,replayed_after_load_shedding
37,7,4,29,0.995079160994621,0,0,1,replayed_after_load_shedding
37,7,4,30,1,0,0,1,replayed_after_load_shedding
37,7,4,31,0.982,0,0,1,replayed_after_load_shedding
37,7,4,32,0.9841,0,0,1,replayed_after_load_shedding
37,7,4,33,1,0,0,1,replayed_after_load_shedding
37,7,4,34,1,0,0,1,replayed_after_load_shedding
37,7,4,35,1.0494,0,0,1,replayed_after_load_shedding
37,7,4,36,1,0,0,1,replayed_after_load_shedding
37,7,4,37,1,0,0,1,replayed_after_load_shedding
37,7,4,38,1,0,0,1,replayed_after_load_shedding
37,7,4,39,0.999999999999999,0,0,1,replayed_after_load_shedding
37,8,1,1,1.00397059405782,0,0,1,replayed_pf_result
37,8,1,2,1.00814339117949,0,0,1,replayed_pf_result
37,8,1,3,0.988341585091989,0,0,1,replayed_pf_result
37,8,1,4,0.961599043740944,0,0,1,replayed_pf_result
37,8,1,5,0.964104688493868,0,0,1,replayed_pf_result
37,8,1,6,0.967784068121541,0,0,1,replayed_pf_result
37,8,1,7,0.95599768271842,0,0,1,replayed_pf_result
37,8,1,8,0.955036829104297,0,0,1,replayed_pf_result
37,8,1,9,1.00011018334134,0,0,1,replayed_pf_result
37,8,1,10,0.990046595250762,0,0,1,replayed_pf_result
37,8,1,11,0.981377628930496,0,0,1,replayed_pf_result
37,8,1,12,0.967917328986232,0,0,1,replayed_pf_result
37,8,1,13,0.982973853249135,0,0,1,replayed_pf_result
37,8,1,14,0.972617225163223,0,0,1,replayed_pf_result
37,8,1,15,0.972276423742269,0,0,1,replayed_pf_result
37,8,1,16,0.989022100462228,0,0,1,replayed_pf_result
37,8,1,17,0.991478251193368,0,0,1,replayed_pf_result
37,8,1,18,0.988761848000412,0,0,1,replayed_pf_result
37,8,1,19,1.03293945777838,0,0,1,replayed_pf_result
37,8,1,20,0.976021771146374,0,0,1,replayed_pf_result
37,8,1,21,0.976877664031712,0,0,1,replayed_pf_result
37,8,1,22,0.979972472601553,0,0,1,replayed_pf_result
37,8,1,23,0.980544550310656,0,0,1,replayed_pf_result
37,8,1,24,0.992485646773188,0,0,1,replayed_pf_result
37,8,1,25,1.01547891586923,0,0,1,replayed_pf_result
37,8,1,26,1.01346980379789,0,0,1,replayed_pf_result
37,8,1,27,0.997085854959643,0,0,1,replayed_pf_result
37,8,1,28,1.01850544866794,0,0,1,replayed_pf_result
37,8,1,29,1.02022169325357,0,0,1,replayed_pf_result
37,8,1,30,1,0,0,1,replayed_pf_result
37,8,1,31,1,0,0,1,replayed_pf_result
37,8,1,32,1,0,0,1,replayed_pf_result
37,8,1,33,1,0,0,1,replayed_pf_result
37,8,1,34,1,0,0,1,replayed_pf_result
37,8,1,35,1.0494,0,0,1,replayed_pf_result
37,8,1,36,1,0,0,1,replayed_pf_result
37,8,1,37,1,0,0,1,replayed_pf_result
37,8,1,38,1,0,0,1,replayed_pf_result
37,8,1,39,1,0,0,1,replayed_pf_result
37,9,1,1,1.00397059405782,0,0,1,replayed_pf_result
37,9,1,2,1.00814339117949,0,0,1,replayed_pf_result
37,9,1,3,0.988341585091989,0,0,1,replayed_pf_result
37,9,1,4,0.961599043740944,0,0,1,replayed_pf_result
37,9,1,5,0.964104688493868,0,0,1,replayed_pf_result
37,9,1,6,0.967784068121541,0,0,1,replayed_pf_result
37,9,1,7,0.95599768271842,0,0,1,replayed_pf_result
37,9,1,8,0.955036829104297,0,0,1,replayed_pf_result
37,9,1,9,1.00011018334134,0,0,1,replayed_pf_result
37,9,1,10,0.990046595250762,0,0,1,replayed_pf_result
37,9,1,11,0.981377628930496,0,0,1,replayed_pf_result
37,9,1,12,0.967917328986232,0,0,1,replayed_pf_result
37,9,1,13,0.982973853249135,0,0,1,replayed_pf_result
37,9,1,14,0.972617225163223,0,0,1,replayed_pf_result
37,9,1,15,0.972276423742269,0,0,1,replayed_pf_result
37,9,1,16,0.989022100462228,0,0,1,replayed_pf_result
37,9,1,17,0.991478251193368,0,0,1,replayed_pf_result
37,9,1,18,0.988761848000412,0,0,1,replayed_pf_result
37,9,1,19,1.03293945777838,0,0,1,replayed_pf_result
37,9,1,20,0.976021771146374,0,0,1,replayed_pf_result
37,9,1,21,0.976877664031712,0,0,1,replayed_pf_result
37,9,1,22,0.979972472601553,0,0,1,replayed_pf_result
37,9,1,23,0.980544550310656,0,0,1,replayed_pf_result
37,9,1,24,0.992485646773188,0,0,1,replayed_pf_result
37,9,1,25,1.01547891586923,0,0,1,replayed_pf_result
37,9,1,26,1.01346980379789,0,0,1,replayed_pf_result
37,9,1,27,0.997085854959643,0,0,1,replayed_pf_result
37,9,1,28,1.01850544866794,0,0,1,replayed_pf_result
37,9,1,29,1.02022169325357,0,0,1,replayed_pf_result
37,9,1,30,1,0,0,1,replayed_pf_result
37,9,1,31,1,0,0,1,replayed_pf_result
37,9,1,32,1,0,0,1,replayed_pf_result
37,9,1,33,1,0,0,1,replayed_pf_result
37,9,1,34,1,0,0,1,replayed_pf_result
37,9,1,35,1.0494,0,0,1,replayed_pf_result
37,9,1,36,1,0,0,1,replayed_pf_result
37,9,1,37,1,0,0,1,replayed_pf_result
37,9,1,38,1,0,0,1,replayed_pf_result
37,9,1,39,1,0,0,1,replayed_pf_result
37,10,1,1,1.00397059405782,0,0,1,replayed_pf_result
37,10,1,2,1.00814339117949,0,0,1,replayed_pf_result
37,10,1,3,0.988341585091989,0,0,1,replayed_pf_result
37,10,1,4,0.961599043740944,0,0,1,replayed_pf_result
37,10,1,5,0.964104688493868,0,0,1,replayed_pf_result
37,10,1,6,0.967784068121541,0,0,1,replayed_pf_result
37,10,1,7,0.95599768271842,0,0,1,replayed_pf_result
37,10,1,8,0.955036829104297,0,0,1,replayed_pf_result
37,10,1,9,1.00011018334134,0,0,1,replayed_pf_result
37,10,1,10,0.990046595250762,0,0,1,replayed_pf_result
37,10,1,11,0.981377628930496,0,0,1,replayed_pf_result
37,10,1,12,0.967917328986232,0,0,1,replayed_pf_result
37,10,1,13,0.982973853249135,0,0,1,replayed_pf_result
37,10,1,14,0.972617225163223,0,0,1,replayed_pf_result
37,10,1,15,0.972276423742269,0,0,1,replayed_pf_result
37,10,1,16,0.989022100462228,0,0,1,replayed_pf_result
37,10,1,17,0.991478251193368,0,0,1,replayed_pf_result
37,10,1,18,0.988761848000412,0,0,1,replayed_pf_result
37,10,1,19,1.03293945777838,0,0,1,replayed_pf_result
37,10,1,20,0.976021771146374,0,0,1,replayed_pf_result
37,10,1,21,0.976877664031712,0,0,1,replayed_pf_result
37,10,1,22,0.979972472601553,0,0,1,replayed_pf_result
37,10,1,23,0.980544550310656,0,0,1,replayed_pf_result
37,10,1,24,0.992485646773188,0,0,1,replayed_pf_result
37,10,1,25,1.01547891586923,0,0,1,replayed_pf_result
37,10,1,26,1.01346980379789,0,0,1,replayed_pf_result
37,10,1,27,0.997085854959643,0,0,1,replayed_pf_result
37,10,1,28,1.01850544866794,0,0,1,replayed_pf_result
37,10,1,29,1.02022169325357,0,0,1,replayed_pf_result
37,10,1,30,1,0,0,1,replayed_pf_result
37,10,1,31,1,0,0,1,replayed_pf_result
37,10,1,32,1,0,0,1,replayed_pf_result
37,10,1,33,1,0,0,1,replayed_pf_result
37,10,1,34,1,0,0,1,replayed_pf_result
37,10,1,35,1.0494,0,0,1,replayed_pf_result
37,10,1,36,1,0,0,1,replayed_pf_result
37,10,1,37,1,0,0,1,replayed_pf_result
37,10,1,38,1,0,0,1,replayed_pf_result
37,10,1,39,1,0,0,1,replayed_pf_result
37,11,1,1,1.00397059405782,0,0,1,replayed_pf_result
37,11,1,2,1.00814339117949,0,0,1,replayed_pf_result
37,11,1,3,0.988341585091989,0,0,1,replayed_pf_result
37,11,1,4,0.961599043740944,0,0,1,replayed_pf_result
37,11,1,5,0.964104688493868,0,0,1,replayed_pf_result
37,11,1,6,0.967784068121541,0,0,1,replayed_pf_result
37,11,1,7,0.95599768271842,0,0,1,replayed_pf_result
37,11,1,8,0.955036829104297,0,0,1,replayed_pf_result
37,11,1,9,1.00011018334134,0,0,1,replayed_pf_result
37,11,1,10,0.990046595250762,0,0,1,replayed_pf_result
37,11,1,11,0.981377628930496,0,0,1,replayed_pf_result
37,11,1,12,0.967917328986232,0,0,1,replayed_pf_result
37,11,1,13,0.982973853249135,0,0,1,replayed_pf_result
37,11,1,14,0.972617225163223,0,0,1,replayed_pf_result
37,11,1,15,0.972276423742269,0,0,1,replayed_pf_result
37,11,1,16,0.989022100462228,0,0,1,replayed_pf_result
37,11,1,17,0.991478251193368,0,0,1,replayed_pf_result
37,11,1,18,0.988761848000412,0,0,1,replayed_pf_result
37,11,1,19,1.03293945777838,0,0,1,replayed_pf_result
37,11,1,20,0.976021771146374,0,0,1,replayed_pf_result
37,11,1,21,0.976877664031712,0,0,1,replayed_pf_result
37,11,1,22,0.979972472601553,0,0,1,replayed_pf_result
37,11,1,23,0.980544550310656,0,0,1,replayed_pf_result
37,11,1,24,0.992485646773188,0,0,1,replayed_pf_result
37,11,1,25,1.01547891586923,0,0,1,replayed_pf_result
37,11,1,26,1.01346980379789,0,0,1,replayed_pf_result
37,11,1,27,0.997085854959643,0,0,1,replayed_pf_result
37,11,1,28,1.01850544866794,0,0,1,replayed_pf_result
37,11,1,29,1.02022169325357,0,0,1,replayed_pf_result
37,11,1,30,1,0,0,1,replayed_pf_result
37,11,1,31,1,0,0,1,replayed_pf_result
37,11,1,32,1,0,0,1,replayed_pf_result
37,11,1,33,1,0,0,1,replayed_pf_result
37,11,1,34,1,0,0,1,replayed_pf_result
37,11,1,35,1.0494,0,0,1,replayed_pf_result
37,11,1,36,1,0,0,1,replayed_pf_result
37,11,1,37,1,0,0,1,replayed_pf_result
37,11,1,38,1,0,0,1,replayed_pf_result
37,11,1,39,1,0,0,1,replayed_pf_result
37,12,1,1,1.00397059405782,0,0,1,replayed_pf_result
37,12,1,2,1.00814339117949,0,0,1,replayed_pf_result
37,12,1,3,0.988341585091989,0,0,1,replayed_pf_result
37,12,1,4,0.961599043740944,0,0,1,replayed_pf_result
37,12,1,5,0.964104688493868,0,0,1,replayed_pf_result
37,12,1,6,0.967784068121541,0,0,1,replayed_pf_result
37,12,1,7,0.95599768271842,0,0,1,replayed_pf_result
37,12,1,8,0.955036829104297,0,0,1,replayed_pf_result
37,12,1,9,1.00011018334134,0,0,1,replayed_pf_result
37,12,1,10,0.990046595250762,0,0,1,replayed_pf_result
37,12,1,11,0.981377628930496,0,0,1,replayed_pf_result
37,12,1,12,0.967917328986232,0,0,1,replayed_pf_result
37,12,1,13,0.982973853249135,0,0,1,replayed_pf_result
37,12,1,14,0.972617225163223,0,0,1,replayed_pf_result
37,12,1,15,0.972276423742269,0,0,1,replayed_pf_result
37,12,1,16,0.989022100462228,0,0,1,replayed_pf_result
37,12,1,17,0.991478251193368,0,0,1,replayed_pf_result
37,12,1,18,0.988761848000412,0,0,1,replayed_pf_result
37,12,1,19,1.03293945777838,0,0,1,replayed_pf_result
37,12,1,20,0.976021771146374,0,0,1,replayed_pf_result
37,12,1,21,0.976877664031712,0,0,1,replayed_pf_result
37,12,1,22,0.979972472601553,0,0,1,replayed_pf_result
37,12,1,23,0.980544550310656,0,0,1,replayed_pf_result
37,12,1,24,0.992485646773188,0,0,1,replayed_pf_result
37,12,1,25,1.01547891586923,0,0,1,replayed_pf_result
37,12,1,26,1.01346980379789,0,0,1,replayed_pf_result
37,12,1,27,0.997085854959643,0,0,1,replayed_pf_result
37,12,1,28,1.01850544866794,0,0,1,replayed_pf_result
37,12,1,29,1.02022169325357,0,0,1,replayed_pf_result
37,12,1,30,1,0,0,1,replayed_pf_result
37,12,1,31,1,0,0,1,replayed_pf_result
37,12,1,32,1,0,0,1,replayed_pf_result
37,12,1,33,1,0,0,1,replayed_pf_result
37,12,1,34,1,0,0,1,replayed_pf_result
37,12,1,35,1.0494,0,0,1,replayed_pf_result
37,12,1,36,1,0,0,1,replayed_pf_result
37,12,1,37,1,0,0,1,replayed_pf_result
37,12,1,38,1,0,0,1,replayed_pf_result
37,12,1,39,1,0,0,1,replayed_pf_result
37,12,2,1,0.991339602122326,0,0,1,replayed_pf_result
37,12,2,2,0.993512360246405,0,0,1,replayed_pf_result
37,12,2,3,0.964558172233154,0,0,1,replayed_pf_result
37,12,2,4,0.934267943992236,0,0,1,replayed_pf_result
37,12,2,5,0.936670012981191,0,0,1,replayed_pf_result
37,12,2,6,0.940275546067525,0,0,1,replayed_pf_result
37,12,2,7,0.926137503204656,0,0,1,replayed_pf_result
37,12,2,8,0.923762614925068,0,0,1,replayed_pf_result
37,12,2,9,0.969919467719242,0,0,1,replayed_pf_result
37,12,2,10,0.981775639598594,0,0,1,replayed_pf_result
37,12,2,11,0.964683059461025,0,0,1,replayed_pf_result
37,12,2,12,0.936369080957899,0,0,1,replayed_pf_result
37,12,2,13,0.941028468426229,0,0,1,replayed_pf_result
37,12,2,14,0.942372944565126,0,0,1,replayed_pf_result
37,12,2,15,0.953052355904953,0,0,1,replayed_pf_result
37,12,2,16,0.973655648729702,0,0,1,replayed_pf_result
37,12,2,17,0.972803444699664,0,0,1,replayed_pf_result
37,12,2,18,0.967785922317921,0,0,1,replayed_pf_result
37,12,2,19,1.02728847503182,0,0,1,replayed_pf_result
37,12,2,20,0.972936088996477,0,0,1,replayed_pf_result
37,12,2,21,0.963514139965499,0,0,1,replayed_pf_result
37,12,2,22,0.96900924663032,0,0,1,replayed_pf_result
37,12,2,23,0.971261997408327,0,0,1,replayed_pf_result
37,12,2,24,0.978031096972006,0,0,1,replayed_pf_result
37,12,2,25,0.99769764587789,0,0,1,replayed_pf_result
37,12,2,26,0.996141398012431,0,0,1,replayed_pf_result
37,12,2,27,0.978070861328053,0,0,1,replayed_pf_result
37,12,2,28,1.0095638869806,0,0,1,replayed_pf_result
37,12,2,29,1.01409367523401,0,0,1,replayed_pf_result
37,12,2,30,1,0,0,1,replayed_pf_result
37,12,2,31,0.982,0,0,1,replayed_pf_result
37,12,2,32,1,0,0,1,replayed_pf_result
37,12,2,33,1,0,0,1,replayed_pf_result
37,12,2,34,1,0,0,1,replayed_pf_result
37,12,2,35,1.0494,0,0,1,replayed_pf_result
37,12,2,36,1,0,0,1,replayed_pf_result
37,12,2,37,1,0,0,1,replayed_pf_result
37,12,2,38,1,0,0,1,replayed_pf_result
37,12,2,39,0.999999999999999,0,0,1,replayed_pf_result
37,13,1,1,1.00397059405782,0,0,1,replayed_pf_result
37,13,1,2,1.00814339117949,0,0,1,replayed_pf_result
37,13,1,3,0.988341585091989,0,0,1,replayed_pf_result
37,13,1,4,0.961599043740944,0,0,1,replayed_pf_result
37,13,1,5,0.964104688493868,0,0,1,replayed_pf_result
37,13,1,6,0.967784068121541,0,0,1,replayed_pf_result
37,13,1,7,0.95599768271842,0,0,1,replayed_pf_result
37,13,1,8,0.955036829104297,0,0,1,replayed_pf_result
37,13,1,9,1.00011018334134,0,0,1,replayed_pf_result
37,13,1,10,0.990046595250762,0,0,1,replayed_pf_result
37,13,1,11,0.981377628930496,0,0,1,replayed_pf_result
37,13,1,12,0.967917328986232,0,0,1,replayed_pf_result
37,13,1,13,0.982973853249135,0,0,1,replayed_pf_result
37,13,1,14,0.972617225163223,0,0,1,replayed_pf_result
37,13,1,15,0.972276423742269,0,0,1,replayed_pf_result
37,13,1,16,0.989022100462228,0,0,1,replayed_pf_result
37,13,1,17,0.991478251193368,0,0,1,replayed_pf_result
37,13,1,18,0.988761848000412,0,0,1,replayed_pf_result
37,13,1,19,1.03293945777838,0,0,1,replayed_pf_result
37,13,1,20,0.976021771146374,0,0,1,replayed_pf_result
37,13,1,21,0.976877664031712,0,0,1,replayed_pf_result
37,13,1,22,0.979972472601553,0,0,1,replayed_pf_result
37,13,1,23,0.980544550310656,0,0,1,replayed_pf_result
37,13,1,24,0.992485646773188,0,0,1,replayed_pf_result
37,13,1,25,1.01547891586923,0,0,1,replayed_pf_result
37,13,1,26,1.01346980379789,0,0,1,replayed_pf_result
37,13,1,27,0.997085854959643,0,0,1,replayed_pf_result
37,13,1,28,1.01850544866794,0,0,1,replayed_pf_result
37,13,1,29,1.02022169325357,0,0,1,replayed_pf_result
37,13,1,30,1,0,0,1,replayed_pf_result
37,13,1,31,1,0,0,1,replayed_pf_result
37,13,1,32,1,0,0,1,replayed_pf_result
37,13,1,33,1,0,0,1,replayed_pf_result
37,13,1,34,1,0,0,1,replayed_pf_result
37,13,1,35,1.0494,0,0,1,replayed_pf_result
37,13,1,36,1,0,0,1,replayed_pf_result
37,13,1,37,1,0,0,1,replayed_pf_result
37,13,1,38,1,0,0,1,replayed_pf_result
37,13,1,39,1,0,0,1,replayed_pf_result
37,14,1,1,1.00397059405782,0,0,1,replayed_pf_result
37,14,1,2,1.00814339117949,0,0,1,replayed_pf_result
37,14,1,3,0.988341585091989,0,0,1,replayed_pf_result
37,14,1,4,0.961599043740944,0,0,1,replayed_pf_result
37,14,1,5,0.964104688493868,0,0,1,replayed_pf_result
37,14,1,6,0.967784068121541,0,0,1,replayed_pf_result
37,14,1,7,0.95599768271842,0,0,1,replayed_pf_result
37,14,1,8,0.955036829104297,0,0,1,replayed_pf_result
37,14,1,9,1.00011018334134,0,0,1,replayed_pf_result
37,14,1,10,0.990046595250762,0,0,1,replayed_pf_result
37,14,1,11,0.981377628930496,0,0,1,replayed_pf_result
37,14,1,12,0.967917328986232,0,0,1,replayed_pf_result
37,14,1,13,0.982973853249135,0,0,1,replayed_pf_result
37,14,1,14,0.972617225163223,0,0,1,replayed_pf_result
37,14,1,15,0.972276423742269,0,0,1,replayed_pf_result
37,14,1,16,0.989022100462228,0,0,1,replayed_pf_result
37,14,1,17,0.991478251193368,0,0,1,replayed_pf_result
37,14,1,18,0.988761848000412,0,0,1,replayed_pf_result
37,14,1,19,1.03293945777838,0,0,1,replayed_pf_result
37,14,1,20,0.976021771146374,0,0,1,replayed_pf_result
37,14,1,21,0.976877664031712,0,0,1,replayed_pf_result
37,14,1,22,0.979972472601553,0,0,1,replayed_pf_result
37,14,1,23,0.980544550310656,0,0,1,replayed_pf_result
37,14,1,24,0.992485646773188,0,0,1,replayed_pf_result
37,14,1,25,1.01547891586923,0,0,1,replayed_pf_result
37,14,1,26,1.01346980379789,0,0,1,replayed_pf_result
37,14,1,27,0.997085854959643,0,0,1,replayed_pf_result
37,14,1,28,1.01850544866794,0,0,1,replayed_pf_result
37,14,1,29,1.02022169325357,0,0,1,replayed_pf_result
37,14,1,30,1,0,0,1,replayed_pf_result
37,14,1,31,1,0,0,1,replayed_pf_result
37,14,1,32,1,0,0,1,replayed_pf_result
37,14,1,33,1,0,0,1,replayed_pf_result
37,14,1,34,1,0,0,1,replayed_pf_result
37,14,1,35,1.0494,0,0,1,replayed_pf_result
37,14,1,36,1,0,0,1,replayed_pf_result
37,14,1,37,1,0,0,1,replayed_pf_result
37,14,1,38,1,0,0,1,replayed_pf_result
37,14,1,39,1,0,0,1,replayed_pf_result
37,15,1,1,1.00397059405782,0,0,1,replayed_pf_result
37,15,1,2,1.00814339117949,0,0,1,replayed_pf_result
37,15,1,3,0.988341585091989,0,0,1,replayed_pf_result
37,15,1,4,0.961599043740944,0,0,1,replayed_pf_result
37,15,1,5,0.964104688493868,0,0,1,replayed_pf_result
37,15,1,6,0.967784068121541,0,0,1,replayed_pf_result
37,15,1,7,0.95599768271842,0,0,1,replayed_pf_result
37,15,1,8,0.955036829104297,0,0,1,replayed_pf_result
37,15,1,9,1.00011018334134,0,0,1,replayed_pf_result
37,15,1,10,0.990046595250762,0,0,1,replayed_pf_result
37,15,1,11,0.981377628930496,0,0,1,replayed_pf_result
37,15,1,12,0.967917328986232,0,0,1,replayed_pf_result
37,15,1,13,0.982973853249135,0,0,1,replayed_pf_result
37,15,1,14,0.972617225163223,0,0,1,replayed_pf_result
37,15,1,15,0.972276423742269,0,0,1,replayed_pf_result
37,15,1,16,0.989022100462228,0,0,1,replayed_pf_result
37,15,1,17,0.991478251193368,0,0,1,replayed_pf_result
37,15,1,18,0.988761848000412,0,0,1,replayed_pf_result
37,15,1,19,1.03293945777838,0,0,1,replayed_pf_result
37,15,1,20,0.976021771146374,0,0,1,replayed_pf_result
37,15,1,21,0.976877664031712,0,0,1,replayed_pf_result
37,15,1,22,0.979972472601553,0,0,1,replayed_pf_result
37,15,1,23,0.980544550310656,0,0,1,replayed_pf_result
37,15,1,24,0.992485646773188,0,0,1,replayed_pf_result
37,15,1,25,1.01547891586923,0,0,1,replayed_pf_result
37,15,1,26,1.01346980379789,0,0,1,replayed_pf_result
37,15,1,27,0.997085854959643,0,0,1,replayed_pf_result
37,15,1,28,1.01850544866794,0,0,1,replayed_pf_result
37,15,1,29,1.02022169325357,0,0,1,replayed_pf_result
37,15,1,30,1,0,0,1,replayed_pf_result
37,15,1,31,1,0,0,1,replayed_pf_result
37,15,1,32,1,0,0,1,replayed_pf_result
37,15,1,33,1,0,0,1,replayed_pf_result
37,15,1,34,1,0,0,1,replayed_pf_result
37,15,1,35,1.0494,0,0,1,replayed_pf_result
37,15,1,36,1,0,0,1,replayed_pf_result
37,15,1,37,1,0,0,1,replayed_pf_result
37,15,1,38,1,0,0,1,replayed_pf_result
37,15,1,39,1,0,0,1,replayed_pf_result
37,16,1,1,1.00397059405782,0,0,1,replayed_pf_result
37,16,1,2,1.00814339117949,0,0,1,replayed_pf_result
37,16,1,3,0.988341585091989,0,0,1,replayed_pf_result
37,16,1,4,0.961599043740944,0,0,1,replayed_pf_result
37,16,1,5,0.964104688493868,0,0,1,replayed_pf_result
37,16,1,6,0.967784068121541,0,0,1,replayed_pf_result
37,16,1,7,0.95599768271842,0,0,1,replayed_pf_result
37,16,1,8,0.955036829104297,0,0,1,replayed_pf_result
37,16,1,9,1.00011018334134,0,0,1,replayed_pf_result
37,16,1,10,0.990046595250762,0,0,1,replayed_pf_result
37,16,1,11,0.981377628930496,0,0,1,replayed_pf_result
37,16,1,12,0.967917328986232,0,0,1,replayed_pf_result
37,16,1,13,0.982973853249135,0,0,1,replayed_pf_result
37,16,1,14,0.972617225163223,0,0,1,replayed_pf_result
37,16,1,15,0.972276423742269,0,0,1,replayed_pf_result
37,16,1,16,0.989022100462228,0,0,1,replayed_pf_result
37,16,1,17,0.991478251193368,0,0,1,replayed_pf_result
37,16,1,18,0.988761848000412,0,0,1,replayed_pf_result
37,16,1,19,1.03293945777838,0,0,1,replayed_pf_result
37,16,1,20,0.976021771146374,0,0,1,replayed_pf_result
37,16,1,21,0.976877664031712,0,0,1,replayed_pf_result
37,16,1,22,0.979972472601553,0,0,1,replayed_pf_result
37,16,1,23,0.980544550310656,0,0,1,replayed_pf_result
37,16,1,24,0.992485646773188,0,0,1,replayed_pf_result
37,16,1,25,1.01547891586923,0,0,1,replayed_pf_result
37,16,1,26,1.01346980379789,0,0,1,replayed_pf_result
37,16,1,27,0.997085854959643,0,0,1,replayed_pf_result
37,16,1,28,1.01850544866794,0,0,1,replayed_pf_result
37,16,1,29,1.02022169325357,0,0,1,replayed_pf_result
37,16,1,30,1,0,0,1,replayed_pf_result
37,16,1,31,1,0,0,1,replayed_pf_result
37,16,1,32,1,0,0,1,replayed_pf_result
37,16,1,33,1,0,0,1,replayed_pf_result
37,16,1,34,1,0,0,1,replayed_pf_result
37,16,1,35,1.0494,0,0,1,replayed_pf_result
37,16,1,36,1,0,0,1,replayed_pf_result
37,16,1,37,1,0,0,1,replayed_pf_result
37,16,1,38,1,0,0,1,replayed_pf_result
37,16,1,39,1,0,0,1,replayed_pf_result
37,16,2,1,1.00314790789104,0,0,1,replayed_pf_result
37,16,2,2,1.00363460944573,0,0,1,replayed_pf_result
37,16,2,3,0.976668689259849,0,0,1,replayed_pf_result
37,16,2,4,0.939564124573269,0,0,1,replayed_pf_result
37,16,2,5,0.946976894841195,0,0,1,replayed_pf_result
37,16,2,6,0.952819931358996,0,0,1,replayed_pf_result
37,16,2,7,0.940309957957255,0,0,1,replayed_pf_result
37,16,2,8,0.93927182214485,0,0,1,replayed_pf_result
37,16,2,9,0.992444995803093,0,0,1,replayed_pf_result
37,16,2,10,0.988734127151932,0,0,1,replayed_pf_result
37,16,2,11,0.972934991930099,0,0,1,replayed_pf_result
37,16,2,12,0.938482743349636,0,0,1,replayed_pf_result
37,16,2,13,0.943699120072684,0,0,1,replayed_pf_result
37,16,2,14,0.945611197783753,0,0,1,replayed_pf_result
37,16,2,15,0.957141474146001,0,0,1,replayed_pf_result
37,16,2,16,0.978899563565684,0,0,1,replayed_pf_result
37,16,2,17,0.981424421902389,0,0,1,replayed_pf_result
37,16,2,18,0.977946945374107,0,0,1,replayed_pf_result
37,16,2,19,1.02921698850515,0,0,1,replayed_pf_result
37,16,2,20,0.973989180221654,0,0,1,replayed_pf_result
37,16,2,21,0.968075418234691,0,0,1,replayed_pf_result
37,16,2,22,0.972751392419847,0,0,1,replayed_pf_result
37,16,2,23,0.974430534029565,0,0,1,replayed_pf_result
37,16,2,24,0.982963786646525,0,0,1,replayed_pf_result
37,16,2,25,1.01090258242666,0,0,1,replayed_pf_result
37,16,2,26,1.00742550199855,0,0,1,replayed_pf_result
37,16,2,27,0.989022133916815,0,0,1,replayed_pf_result
37,16,2,28,1.01538682405108,0,0,1,replayed_pf_result
37,16,2,29,1.0180843773562,0,0,1,replayed_pf_result
37,16,2,30,1,0,0,1,replayed_pf_result
37,16,2,31,1,0,0,1,replayed_pf_result
37,16,2,32,1,0,0,1,replayed_pf_result
37,16,2,33,1,0,0,1,replayed_pf_result
37,16,2,34,1,0,0,1,replayed_pf_result
37,16,2,35,1.0494,0,0,1,replayed_pf_result
37,16,2,36,1,0,0,1,replayed_pf_result
37,16,2,37,1,0,0,1,replayed_pf_result
37,16,2,38,1,0,0,1,replayed_pf_result
37,16,2,39,1,0,0,1,replayed_pf_result
37,16,3,1,0.97479191891586,0,0,1,replayed_pf_result
37,16,3,2,0.979241141061048,0,0,1,replayed_pf_result
37,16,3,3,0.943604321666295,0,0,1,replayed_pf_result
37,16,3,4,0.907094157866552,0,0,1,replayed_pf_result
37,16,3,5,0.946305166671238,0,0,1,replayed_pf_result
37,16,3,6,0.94846020565068,0,0,1,replayed_pf_result
37,16,3,7,0.937173461623368,0,0,1,replayed_pf_result
37,16,3,8,0.936132419071069,0,0,1,replayed_pf_result
37,16,3,9,0.984836164900573,0,0,1,replayed_pf_result
37,16,3,10,0.981940478413676,0,0,1,replayed_pf_result
37,16,3,11,0.964878533415203,0,0,1,replayed_pf_result
37,16,3,12,0.908094921722335,0,0,1,replayed_pf_result
37,16,3,13,0.912055722420708,0,0,1,replayed_pf_result
37,16,3,14,0.915648174119361,0,0,1,replayed_pf_result
37,16,3,15,0.935439107299903,0,0,1,replayed_pf_result
37,16,3,16,0.960387211035397,0,0,1,replayed_pf_result
37,16,3,17,0.957711804724226,0,0,1,replayed_pf_result
37,16,3,18,0.950407060429665,0,0,1,replayed_pf_result
37,16,3,19,1.02240849650499,0,0,1,replayed_pf_result
37,16,3,20,0.970271127544014,0,0,1,replayed_pf_result
37,16,3,21,0.951968771429712,0,0,1,replayed_pf_result
37,16,3,22,0.95953655630082,0,0,1,replayed_pf_result
37,16,3,23,0.963241007471166,0,0,1,replayed_pf_result
37,16,3,24,0.965550287241836,0,0,1,replayed_pf_result
37,16,3,25,0.985647327800229,0,0,1,replayed_pf_result
37,16,3,26,0.984648669039101,0,0,1,replayed_pf_result
37,16,3,27,0.96451607325214,0,0,1,replayed_pf_result
37,16,3,28,1.00363223418862,0,0,1,replayed_pf_result
37,16,3,29,1.01002844633881,0,0,1,replayed_pf_result
37,16,3,30,1,0,0,1,replayed_pf_result
37,16,3,31,0.982,0,0,1,replayed_pf_result
37,16,3,32,1,0,0,1,replayed_pf_result
37,16,3,33,1,0,0,1,replayed_pf_result
37,16,3,34,1,0,0,1,replayed_pf_result
37,16,3,35,1.0494,0,0,1,replayed_pf_result
37,16,3,36,1,0,0,1,replayed_pf_result
37,16,3,37,1,0,0,1,replayed_pf_result
37,16,3,38,1,0,0,1,replayed_pf_result
37,16,3,39,0.999999999999999,0,0,1,replayed_pf_result
37,16,4,1,1.00019081504152,0,0,1,replayed_after_load_shedding
37,16,4,2,1.01131208980607,0,0,1,replayed_after_load_shedding
37,16,4,3,0.858407372268093,0.0415926277319073,2.4716387196627,1,replayed_after_load_shedding
37,16,4,4,0.838283403760861,0.0617165962391386,3.70491356349137,1,replayed_after_load_shedding
37,16,4,5,0.815844292929024,0.0841557070709762,5.10965413527219,1,replayed_after_load_shedding
37,16,4,6,0.815479037625584,0.0845209623744159,5.13278169488486,1,replayed_after_load_shedding
37,16,4,7,0.813496230508186,0.0865037694918143,5.25847834153678,1,replayed_after_load_shedding
37,16,4,8,0.816542691906617,0.083457308093383,5.06545580017475,1,replayed_after_load_shedding
37,16,4,9,0.930222941163193,0,0,1,replayed_after_load_shedding
37,16,4,10,1.0178431,0,0,1,replayed_after_load_shedding
37,16,4,11,0.815252737977962,0.0847472620220376,5.14711497568963,1,replayed_after_load_shedding
37,16,4,12,0.815680920400829,0.0843190795991713,5.11999765788238,1,replayed_after_load_shedding
37,16,4,13,0.842928601664951,0.0570713983350486,3.41803063871385,1,replayed_after_load_shedding
37,16,4,14,0.850160233120982,0.0498397668790177,2.97405586066586,1,replayed_after_load_shedding
37,16,4,15,0.883446571470957,0.016553428529043,0.971388707811529,1,replayed_after_load_shedding
37,16,4,16,0.912936462032226,0,0,1,replayed_after_load_shedding
37,16,4,17,0.891018121107016,0.00898187889298407,0.525078997927783,1,replayed_after_load_shedding
37,16,4,18,0.875614257217717,0.0243857427822831,1.43663898986606,1,replayed_after_load_shedding
37,16,4,19,1.00563499630365,0,0,1,replayed_after_load_shedding
37,16,4,20,0.964096180051026,0,0,1,replayed_after_load_shedding
37,16,4,21,0.915099494836941,0,0,1,replayed_after_load_shedding
37,16,4,22,0.92960940967933,0,0,1,replayed_after_load_shedding
37,16,4,23,0.938333137366002,0,0,1,replayed_after_load_shedding
37,16,4,24,0.920348308740995,0,0,1,replayed_after_load_shedding
37,16,4,25,0.977674407864693,0,0,1,replayed_after_load_shedding
37,16,4,26,0.925939835280413,0,0,1,replayed_after_load_shedding
37,16,4,27,0.890711650709449,0.009288349290551,0.543078540392511,1,replayed_after_load_shedding
37,16,4,28,0.975251501708079,0,0,1,replayed_after_load_shedding
37,16,4,29,0.990657262115805,0,0,1,replayed_after_load_shedding
37,16,4,30,1,0,0,1,replayed_after_load_shedding
37,16,4,31,0.982,0,0,1,replayed_after_load_shedding
37,16,4,32,0.9841,0,0,1,replayed_after_load_shedding
37,16,4,33,1,0,0,1,replayed_after_load_shedding
37,16,4,34,1,0,0,1,replayed_after_load_shedding
37,16,4,35,1.0494,0,0,1,replayed_after_load_shedding
37,16,4,36,1,0,0,1,replayed_after_load_shedding
37,16,4,37,1,0,0,1,replayed_after_load_shedding
37,16,4,38,1,0,0,1,replayed_after_load_shedding
37,16,4,39,0.999999999999999,0,0,1,replayed_after_load_shedding
37,17,1,1,1.00397059405782,0,0,1,replayed_pf_result
37,17,1,2,1.00814339117949,0,0,1,replayed_pf_result
37,17,1,3,0.988341585091989,0,0,1,replayed_pf_result
37,17,1,4,0.961599043740944,0,0,1,replayed_pf_result
37,17,1,5,0.964104688493868,0,0,1,replayed_pf_result
37,17,1,6,0.967784068121541,0,0,1,replayed_pf_result
37,17,1,7,0.95599768271842,0,0,1,replayed_pf_result
37,17,1,8,0.955036829104297,0,0,1,replayed_pf_result
37,17,1,9,1.00011018334134,0,0,1,replayed_pf_result
37,17,1,10,0.990046595250762,0,0,1,replayed_pf_result
37,17,1,11,0.981377628930496,0,0,1,replayed_pf_result
37,17,1,12,0.967917328986232,0,0,1,replayed_pf_result
37,17,1,13,0.982973853249135,0,0,1,replayed_pf_result
37,17,1,14,0.972617225163223,0,0,1,replayed_pf_result
37,17,1,15,0.972276423742269,0,0,1,replayed_pf_result
37,17,1,16,0.989022100462228,0,0,1,replayed_pf_result
37,17,1,17,0.991478251193368,0,0,1,replayed_pf_result
37,17,1,18,0.988761848000412,0,0,1,replayed_pf_result
37,17,1,19,1.03293945777838,0,0,1,replayed_pf_result
37,17,1,20,0.976021771146374,0,0,1,replayed_pf_result
37,17,1,21,0.976877664031712,0,0,1,replayed_pf_result
37,17,1,22,0.979972472601553,0,0,1,replayed_pf_result
37,17,1,23,0.980544550310656,0,0,1,replayed_pf_result
37,17,1,24,0.992485646773188,0,0,1,replayed_pf_result
37,17,1,25,1.01547891586923,0,0,1,replayed_pf_result
37,17,1,26,1.01346980379789,0,0,1,replayed_pf_result
37,17,1,27,0.997085854959643,0,0,1,replayed_pf_result
37,17,1,28,1.01850544866794,0,0,1,replayed_pf_result
37,17,1,29,1.02022169325357,0,0,1,replayed_pf_result
37,17,1,30,1,0,0,1,replayed_pf_result
37,17,1,31,1,0,0,1,replayed_pf_result
37,17,1,32,1,0,0,1,replayed_pf_result
37,17,1,33,1,0,0,1,replayed_pf_result
37,17,1,34,1,0,0,1,replayed_pf_result
37,17,1,35,1.0494,0,0,1,replayed_pf_result
37,17,1,36,1,0,0,1,replayed_pf_result
37,17,1,37,1,0,0,1,replayed_pf_result
37,17,1,38,1,0,0,1,replayed_pf_result
37,17,1,39,1,0,0,1,replayed_pf_result
37,18,1,1,1.00397059405782,0,0,1,replayed_pf_result
37,18,1,2,1.00814339117949,0,0,1,replayed_pf_result
37,18,1,3,0.988341585091989,0,0,1,replayed_pf_result
37,18,1,4,0.961599043740944,0,0,1,replayed_pf_result
37,18,1,5,0.964104688493868,0,0,1,replayed_pf_result
37,18,1,6,0.967784068121541,0,0,1,replayed_pf_result
37,18,1,7,0.95599768271842,0,0,1,replayed_pf_result
37,18,1,8,0.955036829104297,0,0,1,replayed_pf_result
37,18,1,9,1.00011018334134,0,0,1,replayed_pf_result
37,18,1,10,0.990046595250762,0,0,1,replayed_pf_result
37,18,1,11,0.981377628930496,0,0,1,replayed_pf_result
37,18,1,12,0.967917328986232,0,0,1,replayed_pf_result
37,18,1,13,0.982973853249135,0,0,1,replayed_pf_result
37,18,1,14,0.972617225163223,0,0,1,replayed_pf_result
37,18,1,15,0.972276423742269,0,0,1,replayed_pf_result
37,18,1,16,0.989022100462228,0,0,1,replayed_pf_result
37,18,1,17,0.991478251193368,0,0,1,replayed_pf_result
37,18,1,18,0.988761848000412,0,0,1,replayed_pf_result
37,18,1,19,1.03293945777838,0,0,1,replayed_pf_result
37,18,1,20,0.976021771146374,0,0,1,replayed_pf_result
37,18,1,21,0.976877664031712,0,0,1,replayed_pf_result
37,18,1,22,0.979972472601553,0,0,1,replayed_pf_result
37,18,1,23,0.980544550310656,0,0,1,replayed_pf_result
37,18,1,24,0.992485646773188,0,0,1,replayed_pf_result
37,18,1,25,1.01547891586923,0,0,1,replayed_pf_result
37,18,1,26,1.01346980379789,0,0,1,replayed_pf_result
37,18,1,27,0.997085854959643,0,0,1,replayed_pf_result
37,18,1,28,1.01850544866794,0,0,1,replayed_pf_result
37,18,1,29,1.02022169325357,0,0,1,replayed_pf_result
37,18,1,30,1,0,0,1,replayed_pf_result
37,18,1,31,1,0,0,1,replayed_pf_result
37,18,1,32,1,0,0,1,replayed_pf_result
37,18,1,33,1,0,0,1,replayed_pf_result
37,18,1,34,1,0,0,1,replayed_pf_result
37,18,1,35,1.0494,0,0,1,replayed_pf_result
37,18,1,36,1,0,0,1,replayed_pf_result
37,18,1,37,1,0,0,1,replayed_pf_result
37,18,1,38,1,0,0,1,replayed_pf_result
37,18,1,39,1,0,0,1,replayed_pf_result
37,18,2,1,1.00452767632411,0,0,1,replayed_pf_result
37,18,2,2,1.00422999753058,0,0,1,replayed_pf_result
37,18,2,3,0.97808904330758,0,0,1,replayed_pf_result
37,18,2,4,0.941680843669636,0,0,1,replayed_pf_result
37,18,2,5,0.95465349299668,0,0,1,replayed_pf_result
37,18,2,6,0.957467186251275,0,0,1,replayed_pf_result
37,18,2,7,0.945211427517964,0,0,1,replayed_pf_result
37,18,2,8,0.944111586436602,0,0,1,replayed_pf_result
37,18,2,9,0.99220467811486,0,0,1,replayed_pf_result
37,18,2,10,0.973924290160837,0,0,1,replayed_pf_result
37,18,2,11,0.966658968128842,0,0,1,replayed_pf_result
37,18,2,12,0.949806524592079,0,0,1,replayed_pf_result
37,18,2,13,0.963268946740278,0,0,1,replayed_pf_result
37,18,2,14,0.950197133164543,0,0,1,replayed_pf_result
37,18,2,15,0.958612659725545,0,0,1,replayed_pf_result
37,18,2,16,0.979975735524667,0,0,1,replayed_pf_result
37,18,2,17,0.982822510108036,0,0,1,replayed_pf_result
37,18,2,18,0.979528791244101,0,0,1,replayed_pf_result
37,18,2,19,1.02961275429605,0,0,1,replayed_pf_result
37,18,2,20,0.974205288540184,0,0,1,replayed_pf_result
37,18,2,21,0.969011384071128,0,0,1,replayed_pf_result
37,18,2,22,0.973519255139287,0,0,1,replayed_pf_result
37,18,2,23,0.975080687659885,0,0,1,replayed_pf_result
37,18,2,24,0.98397609214522,0,0,1,replayed_pf_result
37,18,2,25,1.01191624326374,0,0,1,replayed_pf_result
37,18,2,26,1.00856487120704,0,0,1,replayed_pf_result
37,18,2,27,0.990347586991593,0,0,1,replayed_pf_result
37,18,2,28,1.015974716335,0,0,1,replayed_pf_result
37,18,2,29,1.01848728344485,0,0,1,replayed_pf_result
37,18,2,30,1,0,0,1,replayed_pf_result
37,18,2,31,1,0,0,1,replayed_pf_result
37,18,2,32,1,0,0,1,replayed_pf_result
37,18,2,33,1,0,0,1,replayed_pf_result
37,18,2,34,1,0,0,1,replayed_pf_result
37,18,2,35,1.0494,0,0,1,replayed_pf_result
37,18,2,36,1,0,0,1,replayed_pf_result
37,18,2,37,1,0,0,1,replayed_pf_result
37,18,2,38,1,0,0,1,replayed_pf_result
37,18,2,39,1,0,0,1,replayed_pf_result
37,18,3,1,0.986304337948633,0,0,1,replayed_after_load_shedding
37,18,3,2,0.988797903761818,0,0,1,replayed_after_load_shedding
37,18,3,3,0.959733741711381,0,0,1,replayed_after_load_shedding
37,18,3,4,0.93173461448817,0,0,1,replayed_after_load_shedding
37,18,3,5,0.950794122280065,0,0,1,replayed_after_load_shedding
37,18,3,6,0.957455932458043,0,0,1,replayed_after_load_shedding
37,18,3,7,0.933188584712033,0,0,1,replayed_after_load_shedding
37,18,3,8,0.92650078108527,0,0,1,replayed_after_load_shedding
37,18,3,9,0.946955606874569,0,0,1,replayed_after_load_shedding
37,18,3,10,0.992808926574929,0,0,1,replayed_after_load_shedding
37,18,3,11,0.977767417896086,0,0,1,replayed_after_load_shedding
37,18,3,12,0.946669334577363,0,0,1,replayed_after_load_shedding
37,18,3,13,0.941023195404933,0,0,1,replayed_after_load_shedding
37,18,3,14,0.942419676069203,0,0,1,replayed_after_load_shedding
37,18,3,15,0.955313115445691,0,0,1,replayed_after_load_shedding
37,18,3,16,0.975177024312796,0,0,1,replayed_after_load_shedding
37,18,3,17,0.973112216149501,0,0,1,replayed_after_load_shedding
37,18,3,18,0.966586876988339,0,0,1,replayed_after_load_shedding
37,18,3,19,1.02824433331861,0,0,1,replayed_after_load_shedding
37,18,3,20,0.974676123440407,0,0,1,replayed_after_load_shedding
37,18,3,21,0.966559467117533,0,0,1,replayed_after_load_shedding
37,18,3,22,0.971651148863811,0,0,1,replayed_after_load_shedding
37,18,3,23,0.973674210255403,0,0,1,replayed_after_load_shedding
37,18,3,24,0.979263284853927,0,0,1,replayed_after_load_shedding
37,18,3,25,0.997431879848147,0,0,1,replayed_after_load_shedding
37,18,3,26,0.997041845017503,0,0,1,replayed_after_load_shedding
37,18,3,27,0.979143085056425,0,0,1,replayed_after_load_shedding
37,18,3,28,1.01086764626178,0,0,1,replayed_after_load_shedding
37,18,3,29,1.01502407436639,0,0,1,replayed_after_load_shedding
37,18,3,30,1,0,0,1,replayed_after_load_shedding
37,18,3,31,1,0,0,1,replayed_after_load_shedding
37,18,3,32,1,0,0,1,replayed_after_load_shedding
37,18,3,33,1,0,0,1,replayed_after_load_shedding
37,18,3,34,1,0,0,1,replayed_after_load_shedding
37,18,3,35,1.0494,0,0,1,replayed_after_load_shedding
37,18,3,36,1,0,0,1,replayed_after_load_shedding
37,18,3,37,1,0,0,1,replayed_after_load_shedding
37,18,3,38,1,0,0,1,replayed_after_load_shedding
37,18,3,39,1,0,0,1,replayed_after_load_shedding
37,18,4,1,1.00206297918851,0,0,1,replayed_after_load_shedding
37,18,4,2,0.999036516100032,0,0,1,replayed_after_load_shedding
37,18,4,3,0.79892433384048,0.10107566615952,6.1899247768136,1,replayed_after_load_shedding
37,18,4,4,0.784227850136445,0.115772149863555,7.14318364345221,1,replayed_after_load_shedding
37,18,4,5,0.968692588541427,0,0,1,replayed_after_load_shedding
37,18,4,6,0.971560594207055,0,0,1,replayed_after_load_shedding
37,18,4,7,0.959765625775562,0,0,1,replayed_after_load_shedding
37,18,4,8,0.957842145304391,0,0,1,replayed_after_load_shedding
37,18,4,9,0.990209648663692,0,0,1,replayed_after_load_shedding
37,18,4,10,1.0178431,0,0,1,replayed_after_load_shedding
37,18,4,11,1.0133858,0,0,1,replayed_after_load_shedding
37,18,4,12,1.000815,0,0,1,replayed_after_load_shedding
37,18,4,13,1.014923,0,0,1,replayed_after_load_shedding
37,18,4,14,0.803812902808073,0.0961870971919273,5.87592969436341,1,replayed_after_load_shedding
37,18,4,15,0.837080721464539,0.0629192785354613,3.77940749295176,1,replayed_after_load_shedding
37,18,4,16,0.868866026550994,0.0311339734490064,1.84042595869499,1,replayed_after_load_shedding
37,18,4,17,0.830499055371703,0.069500944628297,4.18866524852546,1,replayed_after_load_shedding
37,18,4,18,0.81448508209849,0.0855149179015098,5.19576064201443,1,replayed_after_load_shedding
37,18,4,19,0.989311115759059,0,0,1,replayed_after_load_shedding
37,18,4,20,0.954524190379935,0,0,1,replayed_after_load_shedding
37,18,4,21,0.875715244752081,0.0242847552479186,1.43061697204776,1,replayed_after_load_shedding
37,18,4,22,0.89718547357734,0.00281452642265967,0.164029606435488,1,replayed_after_load_shedding
37,18,4,23,0.910765013810001,0,0,1,replayed_after_load_shedding
37,18,4,24,0.879018702300792,0.0209812976992081,1.23396245382847,1,replayed_after_load_shedding
37,18,4,25,0.941246298105519,0,0,1,replayed_after_load_shedding
37,18,4,26,0.854275759669317,0.0457242403306835,2.72281933595647,1,replayed_after_load_shedding
37,18,4,27,0.811554054677198,0.0884459453228016,5.38184109781175,1,replayed_after_load_shedding
37,18,4,28,0.937797176433521,0,0,1,replayed_after_load_shedding
37,18,4,29,0.964961529180265,0,0,1,replayed_after_load_shedding
37,18,4,30,1,0,0,1,replayed_after_load_shedding
37,18,4,31,1,0,0,1,replayed_after_load_shedding
37,18,4,32,0.9841,0,0,1,replayed_after_load_shedding
37,18,4,33,1,0,0,1,replayed_after_load_shedding
37,18,4,34,1,0,0,1,replayed_after_load_shedding
37,18,4,35,1.0494,0,0,1,replayed_after_load_shedding
37,18,4,36,1,0,0,1,replayed_after_load_shedding
37,18,4,37,1,0,0,1,replayed_after_load_shedding
37,18,4,38,1,0,0,1,replayed_after_load_shedding
37,18,4,39,1,0,0,1,replayed_after_load_shedding
37,19,1,1,1.00397059405782,0,0,1,replayed_pf_result
37,19,1,2,1.00814339117949,0,0,1,replayed_pf_result
37,19,1,3,0.988341585091989,0,0,1,replayed_pf_result
37,19,1,4,0.961599043740944,0,0,1,replayed_pf_result
37,19,1,5,0.964104688493868,0,0,1,replayed_pf_result
37,19,1,6,0.967784068121541,0,0,1,replayed_pf_result
37,19,1,7,0.95599768271842,0,0,1,replayed_pf_result
37,19,1,8,0.955036829104297,0,0,1,replayed_pf_result
37,19,1,9,1.00011018334134,0,0,1,replayed_pf_result
37,19,1,10,0.990046595250762,0,0,1,replayed_pf_result
37,19,1,11,0.981377628930496,0,0,1,replayed_pf_result
37,19,1,12,0.967917328986232,0,0,1,replayed_pf_result
37,19,1,13,0.982973853249135,0,0,1,replayed_pf_result
37,19,1,14,0.972617225163223,0,0,1,replayed_pf_result
37,19,1,15,0.972276423742269,0,0,1,replayed_pf_result
37,19,1,16,0.989022100462228,0,0,1,replayed_pf_result
37,19,1,17,0.991478251193368,0,0,1,replayed_pf_result
37,19,1,18,0.988761848000412,0,0,1,replayed_pf_result
37,19,1,19,1.03293945777838,0,0,1,replayed_pf_result
37,19,1,20,0.976021771146374,0,0,1,replayed_pf_result
37,19,1,21,0.976877664031712,0,0,1,replayed_pf_result
37,19,1,22,0.979972472601553,0,0,1,replayed_pf_result
37,19,1,23,0.980544550310656,0,0,1,replayed_pf_result
37,19,1,24,0.992485646773188,0,0,1,replayed_pf_result
37,19,1,25,1.01547891586923,0,0,1,replayed_pf_result
37,19,1,26,1.01346980379789,0,0,1,replayed_pf_result
37,19,1,27,0.997085854959643,0,0,1,replayed_pf_result
37,19,1,28,1.01850544866794,0,0,1,replayed_pf_result
37,19,1,29,1.02022169325357,0,0,1,replayed_pf_result
37,19,1,30,1,0,0,1,replayed_pf_result
37,19,1,31,1,0,0,1,replayed_pf_result
37,19,1,32,1,0,0,1,replayed_pf_result
37,19,1,33,1,0,0,1,replayed_pf_result
37,19,1,34,1,0,0,1,replayed_pf_result
37,19,1,35,1.0494,0,0,1,replayed_pf_result
37,19,1,36,1,0,0,1,replayed_pf_result
37,19,1,37,1,0,0,1,replayed_pf_result
37,19,1,38,1,0,0,1,replayed_pf_result
37,19,1,39,1,0,0,1,replayed_pf_result
37,20,1,1,1.00397059405782,0,0,1,replayed_pf_result
37,20,1,2,1.00814339117949,0,0,1,replayed_pf_result
37,20,1,3,0.988341585091989,0,0,1,replayed_pf_result
37,20,1,4,0.961599043740944,0,0,1,replayed_pf_result
37,20,1,5,0.964104688493868,0,0,1,replayed_pf_result
37,20,1,6,0.967784068121541,0,0,1,replayed_pf_result
37,20,1,7,0.95599768271842,0,0,1,replayed_pf_result
37,20,1,8,0.955036829104297,0,0,1,replayed_pf_result
37,20,1,9,1.00011018334134,0,0,1,replayed_pf_result
37,20,1,10,0.990046595250762,0,0,1,replayed_pf_result
37,20,1,11,0.981377628930496,0,0,1,replayed_pf_result
37,20,1,12,0.967917328986232,0,0,1,replayed_pf_result
37,20,1,13,0.982973853249135,0,0,1,replayed_pf_result
37,20,1,14,0.972617225163223,0,0,1,replayed_pf_result
37,20,1,15,0.972276423742269,0,0,1,replayed_pf_result
37,20,1,16,0.989022100462228,0,0,1,replayed_pf_result
37,20,1,17,0.991478251193368,0,0,1,replayed_pf_result
37,20,1,18,0.988761848000412,0,0,1,replayed_pf_result
37,20,1,19,1.03293945777838,0,0,1,replayed_pf_result
37,20,1,20,0.976021771146374,0,0,1,replayed_pf_result
37,20,1,21,0.976877664031712,0,0,1,replayed_pf_result
37,20,1,22,0.979972472601553,0,0,1,replayed_pf_result
37,20,1,23,0.980544550310656,0,0,1,replayed_pf_result
37,20,1,24,0.992485646773188,0,0,1,replayed_pf_result
37,20,1,25,1.01547891586923,0,0,1,replayed_pf_result
37,20,1,26,1.01346980379789,0,0,1,replayed_pf_result
37,20,1,27,0.997085854959643,0,0,1,replayed_pf_result
37,20,1,28,1.01850544866794,0,0,1,replayed_pf_result
37,20,1,29,1.02022169325357,0,0,1,replayed_pf_result
37,20,1,30,1,0,0,1,replayed_pf_result
37,20,1,31,1,0,0,1,replayed_pf_result
37,20,1,32,1,0,0,1,replayed_pf_result
37,20,1,33,1,0,0,1,replayed_pf_result
37,20,1,34,1,0,0,1,replayed_pf_result
37,20,1,35,1.0494,0,0,1,replayed_pf_result
37,20,1,36,1,0,0,1,replayed_pf_result
37,20,1,37,1,0,0,1,replayed_pf_result
37,20,1,38,1,0,0,1,replayed_pf_result
37,20,1,39,1,0,0,1,replayed_pf_result
37,20,2,1,0.991339602122326,0,0,1,replayed_pf_result
37,20,2,2,0.993512360246405,0,0,1,replayed_pf_result
37,20,2,3,0.964558172233154,0,0,1,replayed_pf_result
37,20,2,4,0.934267943992236,0,0,1,replayed_pf_result
37,20,2,5,0.936670012981191,0,0,1,replayed_pf_result
37,20,2,6,0.940275546067525,0,0,1,replayed_pf_result
37,20,2,7,0.926137503204656,0,0,1,replayed_pf_result
37,20,2,8,0.923762614925068,0,0,1,replayed_pf_result
37,20,2,9,0.969919467719242,0,0,1,replayed_pf_result
37,20,2,10,0.981775639598594,0,0,1,replayed_pf_result
37,20,2,11,0.964683059461025,0,0,1,replayed_pf_result
37,20,2,12,0.936369080957899,0,0,1,replayed_pf_result
37,20,2,13,0.941028468426229,0,0,1,replayed_pf_result
37,20,2,14,0.942372944565126,0,0,1,replayed_pf_result
37,20,2,15,0.953052355904953,0,0,1,replayed_pf_result
37,20,2,16,0.973655648729702,0,0,1,replayed_pf_result
37,20,2,17,0.972803444699664,0,0,1,replayed_pf_result
37,20,2,18,0.967785922317921,0,0,1,replayed_pf_result
37,20,2,19,1.02728847503182,0,0,1,replayed_pf_result
37,20,2,20,0.972936088996477,0,0,1,replayed_pf_result
37,20,2,21,0.963514139965499,0,0,1,replayed_pf_result
37,20,2,22,0.96900924663032,0,0,1,replayed_pf_result
37,20,2,23,0.971261997408327,0,0,1,replayed_pf_result
37,20,2,24,0.978031096972006,0,0,1,replayed_pf_result
37,20,2,25,0.99769764587789,0,0,1,replayed_pf_result
37,20,2,26,0.996141398012431,0,0,1,replayed_pf_result
37,20,2,27,0.978070861328053,0,0,1,replayed_pf_result
37,20,2,28,1.0095638869806,0,0,1,replayed_pf_result
37,20,2,29,1.01409367523401,0,0,1,replayed_pf_result
37,20,2,30,1,0,0,1,replayed_pf_result
37,20,2,31,0.982,0,0,1,replayed_pf_result
37,20,2,32,1,0,0,1,replayed_pf_result
37,20,2,33,1,0,0,1,replayed_pf_result
37,20,2,34,1,0,0,1,replayed_pf_result
37,20,2,35,1.0494,0,0,1,replayed_pf_result
37,20,2,36,1,0,0,1,replayed_pf_result
37,20,2,37,1,0,0,1,replayed_pf_result
37,20,2,38,1,0,0,1,replayed_pf_result
37,20,2,39,0.999999999999999,0,0,1,replayed_pf_result
37,20,3,1,1.00520710715527,0,0,1,replayed_after_load_shedding
37,20,3,2,1.01507670244327,0,0,1,replayed_after_load_shedding
37,20,3,3,0.859734154233448,0.0402658457665517,2.39119715010376,1,replayed_after_load_shedding
37,20,3,4,0.819504231483191,0.0804957685168087,4.87837670515207,1,replayed_after_load_shedding
37,20,3,5,0.820703398651107,0.0792966013488926,4.80278331365279,1,replayed_after_load_shedding
37,20,3,6,0.820327023761533,0.079672976238467,4.82649956539124,1,replayed_after_load_shedding
37,20,3,7,0.818624658140554,0.0813753418594462,4.9338811215212,1,replayed_after_load_shedding
37,20,3,8,0.822035128764193,0.0779648712358069,4.71893955294405,1,replayed_after_load_shedding
37,20,3,9,0.937263939536912,0,0,1,replayed_after_load_shedding
37,20,3,10,0.958461772120419,0,0,1,replayed_after_load_shedding
37,20,3,11,0.937038975990799,0,0,1,replayed_after_load_shedding
37,20,3,12,0.792469421762519,0.107530578237481,6.60688531851009,1,replayed_after_load_shedding
37,20,3,13,0.804625642907045,0.0953743570929548,5.82387566611136,1,replayed_after_load_shedding
37,20,3,14,0.822970854361847,0.0770291456381528,4.66009440597378,1,replayed_after_load_shedding
37,20,3,15,0.880339625257319,0.0196603747426808,1.15550967171666,1,replayed_after_load_shedding
37,20,3,16,0.918853700997293,0,0,1,replayed_after_load_shedding
37,20,3,17,0.90767470861955,0,0,1,replayed_after_load_shedding
37,20,3,18,0.887229719818461,0.0127702801815388,0.747966265133712,1,replayed_after_load_shedding
37,20,3,19,1.00775410696483,0,0,1,replayed_after_load_shedding
37,20,3,20,0.964682706711996,0,0,1,replayed_after_load_shedding
37,20,3,21,0.919367148716259,0,0,1,replayed_after_load_shedding
37,20,3,22,0.933050503925839,0,0,1,replayed_after_load_shedding
37,20,3,23,0.941161061174891,0,0,1,replayed_after_load_shedding
37,20,3,24,0.926040007457291,0,0,1,replayed_after_load_shedding
37,20,3,25,1.00201588225201,0,0,1,replayed_after_load_shedding
37,20,3,26,0.965519097967929,0,0,1,replayed_after_load_shedding
37,20,3,27,0.928791857504644,0,0,1,replayed_after_load_shedding
37,20,3,28,0.995352054026533,0,0,1,replayed_after_load_shedding
37,20,3,29,1.0044224486465,0,0,1,replayed_after_load_shedding
37,20,3,30,1,0,0,1,replayed_after_load_shedding
37,20,3,31,0.982,0,0,1,replayed_after_load_shedding
37,20,3,32,1,0,0,1,replayed_after_load_shedding
37,20,3,33,1,0,0,1,replayed_after_load_shedding
37,20,3,34,1,0,0,1,replayed_after_load_shedding
37,20,3,35,1.0494,0,0,1,replayed_after_load_shedding
37,20,3,36,1,0,0,1,replayed_after_load_shedding
37,20,3,37,1,0,0,1,replayed_after_load_shedding
37,20,3,38,1,0,0,1,replayed_after_load_shedding
37,20,3,39,0.999999999999999,0,0,1,replayed_after_load_shedding
38,1,1,1,1.00358592745914,0,0,1,replayed_pf_result
38,1,1,2,1.01185872867129,0,0,1,replayed_pf_result
38,1,1,3,1.0003648926058,0,0,1,replayed_pf_result
38,1,1,4,0.985774001417975,0,0,1,replayed_pf_result
38,1,1,5,0.993236939890657,0,0,1,replayed_pf_result
38,1,1,6,0.997313831101014,0,0,1,replayed_pf_result
38,1,1,7,0.984809063729773,0,0,1,replayed_pf_result
38,1,1,8,0.983135533507963,0,0,1,replayed_pf_result
38,1,1,9,1.01307557279584,0,0,1,replayed_pf_result
38,1,1,10,1.01127091476611,0,0,1,replayed_pf_result
38,1,1,11,1.00533235613478,0,0,1,replayed_pf_result
38,1,1,12,0.991739119362111,0,0,1,replayed_pf_result
38,1,1,13,1.00528995829104,0,0,1,replayed_pf_result
38,1,1,14,0.995494342986713,0,0,1,replayed_pf_result
38,1,1,15,0.987455383349868,0,0,1,replayed_pf_result
38,1,1,16,0.9991397013937,0,0,1,replayed_pf_result
38,1,1,17,1.00166140211548,0,0,1,replayed_pf_result
38,1,1,18,0.999793178783602,0,0,1,replayed_pf_result
38,1,1,19,1.0366598313301,0,0,1,replayed_pf_result
38,1,1,20,0.978053068144689,0,0,1,replayed_pf_result
38,1,1,21,0.983851705121823,0,0,1,replayed_pf_result
38,1,1,22,0.995589738534042,0,0,1,replayed_pf_result
38,1,1,23,0.988486779508075,0,0,1,replayed_pf_result
38,1,1,24,1.00366860595713,0,0,1,replayed_pf_result
38,1,1,25,1.02145780250079,0,0,1,replayed_pf_result
38,1,1,26,1.02064432101476,0,0,1,replayed_pf_result
38,1,1,27,1.00595838384592,0,0,1,replayed_pf_result
38,1,1,28,1.02220684808174,0,0,1,replayed_pf_result
38,1,1,29,1.02275840035652,0,0,1,replayed_pf_result
38,1,1,30,1,0,0,1,replayed_pf_result
38,1,1,31,1,0,0,1,replayed_pf_result
38,1,1,32,1,0,0,1,replayed_pf_result
38,1,1,33,1,0,0,1,replayed_pf_result
38,1,1,34,1,0,0,1,replayed_pf_result
38,1,1,35,1,0,0,1,replayed_pf_result
38,1,1,36,1,0,0,1,replayed_pf_result
38,1,1,37,1,0,0,1,replayed_pf_result
38,1,1,38,1,0,0,1,replayed_pf_result
38,1,1,39,1,0,0,1,replayed_pf_result
38,1,2,1,1.00479005965806,0,0,1,replayed_pf_result
38,1,2,2,1.00998836608555,0,0,1,replayed_pf_result
38,1,2,3,0.991964611953573,0,0,1,replayed_pf_result
38,1,2,4,0.96366427939291,0,0,1,replayed_pf_result
38,1,2,5,0.964464552304936,0,0,1,replayed_pf_result
38,1,2,6,0.967904705509737,0,0,1,replayed_pf_result
38,1,2,7,0.956151574186221,0,0,1,replayed_pf_result
38,1,2,8,0.95521624967876,0,0,1,replayed_pf_result
38,1,2,9,1.00008403659385,0,0,1,replayed_pf_result
38,1,2,10,0.991131693387365,0,0,1,replayed_pf_result
38,1,2,11,0.982159754618789,0,0,1,replayed_pf_result
38,1,2,12,0.969135771873328,0,0,1,replayed_pf_result
38,1,2,13,0.984579444104635,0,0,1,replayed_pf_result
38,1,2,14,0.97566913543245,0,0,1,replayed_pf_result
38,1,2,15,0.980702663474483,0,0,1,replayed_pf_result
38,1,2,16,0.999799361663716,0,0,1,replayed_pf_result
38,1,2,17,0.999337170475602,0,0,1,replayed_pf_result
38,1,2,18,0.995000083025198,0,0,1,replayed_pf_result
38,1,2,19,1.03690238739285,0,0,1,replayed_pf_result
38,1,2,20,0.978185496834714,0,0,1,replayed_pf_result
38,1,2,21,1.0323192,0,0,1,replayed_pf_result
38,1,2,22,1.0501427,0,0,1,replayed_pf_result
38,1,2,23,1.0451451,0,0,1,replayed_pf_result
38,1,2,24,1.00432578918876,0,0,1,replayed_pf_result
38,1,2,25,1.01705525436003,0,0,1,replayed_pf_result
38,1,2,26,1.01708586694331,0,0,1,replayed_pf_result
38,1,2,27,1.00269381040952,0,0,1,replayed_pf_result
38,1,2,28,1.02037105915616,0,0,1,replayed_pf_result
38,1,2,29,1.0215002667082,0,0,1,replayed_pf_result
38,1,2,30,1,0,0,1,replayed_pf_result
38,1,2,31,1,0,0,1,replayed_pf_result
38,1,2,32,1,0,0,1,replayed_pf_result
38,1,2,33,1,0,0,1,replayed_pf_result
38,1,2,34,1,0,0,1,replayed_pf_result
38,1,2,35,1.0494,0,0,1,replayed_pf_result
38,1,2,36,1.0636,0,0,1,replayed_pf_result
38,1,2,37,1,0,0,1,replayed_pf_result
38,1,2,38,1,0,0,1,replayed_pf_result
38,1,2,39,1,0,0,1,replayed_pf_result
38,2,1,1,1.00358592745914,0,0,1,replayed_pf_result
38,2,1,2,1.01185872867129,0,0,1,replayed_pf_result
38,2,1,3,1.0003648926058,0,0,1,replayed_pf_result
38,2,1,4,0.985774001417975,0,0,1,replayed_pf_result
38,2,1,5,0.993236939890657,0,0,1,replayed_pf_result
38,2,1,6,0.997313831101014,0,0,1,replayed_pf_result
38,2,1,7,0.984809063729773,0,0,1,replayed_pf_result
38,2,1,8,0.983135533507963,0,0,1,replayed_pf_result
38,2,1,9,1.01307557279584,0,0,1,replayed_pf_result
38,2,1,10,1.01127091476611,0,0,1,replayed_pf_result
38,2,1,11,1.00533235613478,0,0,1,replayed_pf_result
38,2,1,12,0.991739119362111,0,0,1,replayed_pf_result
38,2,1,13,1.00528995829104,0,0,1,replayed_pf_result
38,2,1,14,0.995494342986713,0,0,1,replayed_pf_result
38,2,1,15,0.987455383349868,0,0,1,replayed_pf_result
38,2,1,16,0.9991397013937,0,0,1,replayed_pf_result
38,2,1,17,1.00166140211548,0,0,1,replayed_pf_result
38,2,1,18,0.999793178783602,0,0,1,replayed_pf_result
38,2,1,19,1.0366598313301,0,0,1,replayed_pf_result
38,2,1,20,0.978053068144689,0,0,1,replayed_pf_result
38,2,1,21,0.983851705121823,0,0,1,replayed_pf_result
38,2,1,22,0.995589738534042,0,0,1,replayed_pf_result
38,2,1,23,0.988486779508075,0,0,1,replayed_pf_result
38,2,1,24,1.00366860595713,0,0,1,replayed_pf_result
38,2,1,25,1.02145780250079,0,0,1,replayed_pf_result
38,2,1,26,1.02064432101476,0,0,1,replayed_pf_result
38,2,1,27,1.00595838384592,0,0,1,replayed_pf_result
38,2,1,28,1.02220684808174,0,0,1,replayed_pf_result
38,2,1,29,1.02275840035652,0,0,1,replayed_pf_result
38,2,1,30,1,0,0,1,replayed_pf_result
38,2,1,31,1,0,0,1,replayed_pf_result
38,2,1,32,1,0,0,1,replayed_pf_result
38,2,1,33,1,0,0,1,replayed_pf_result
38,2,1,34,1,0,0,1,replayed_pf_result
38,2,1,35,1,0,0,1,replayed_pf_result
38,2,1,36,1,0,0,1,replayed_pf_result
38,2,1,37,1,0,0,1,replayed_pf_result
38,2,1,38,1,0,0,1,replayed_pf_result
38,2,1,39,1,0,0,1,replayed_pf_result
38,2,2,1,1.00479005965806,0,0,1,replayed_pf_result
38,2,2,2,1.00998836608555,0,0,1,replayed_pf_result
38,2,2,3,0.991964611953573,0,0,1,replayed_pf_result
38,2,2,4,0.96366427939291,0,0,1,replayed_pf_result
38,2,2,5,0.964464552304936,0,0,1,replayed_pf_result
38,2,2,6,0.967904705509737,0,0,1,replayed_pf_result
38,2,2,7,0.956151574186221,0,0,1,replayed_pf_result
38,2,2,8,0.95521624967876,0,0,1,replayed_pf_result
38,2,2,9,1.00008403659385,0,0,1,replayed_pf_result
38,2,2,10,0.991131693387365,0,0,1,replayed_pf_result
38,2,2,11,0.982159754618789,0,0,1,replayed_pf_result
38,2,2,12,0.969135771873328,0,0,1,replayed_pf_result
38,2,2,13,0.984579444104635,0,0,1,replayed_pf_result
38,2,2,14,0.97566913543245,0,0,1,replayed_pf_result
38,2,2,15,0.980702663474483,0,0,1,replayed_pf_result
38,2,2,16,0.999799361663716,0,0,1,replayed_pf_result
38,2,2,17,0.999337170475602,0,0,1,replayed_pf_result
38,2,2,18,0.995000083025198,0,0,1,replayed_pf_result
38,2,2,19,1.03690238739285,0,0,1,replayed_pf_result
38,2,2,20,0.978185496834714,0,0,1,replayed_pf_result
38,2,2,21,1.0323192,0,0,1,replayed_pf_result
38,2,2,22,1.0501427,0,0,1,replayed_pf_result
38,2,2,23,1.0451451,0,0,1,replayed_pf_result
38,2,2,24,1.00432578918876,0,0,1,replayed_pf_result
38,2,2,25,1.01705525436003,0,0,1,replayed_pf_result
38,2,2,26,1.01708586694331,0,0,1,replayed_pf_result
38,2,2,27,1.00269381040952,0,0,1,replayed_pf_result
38,2,2,28,1.02037105915616,0,0,1,replayed_pf_result
38,2,2,29,1.0215002667082,0,0,1,replayed_pf_result
38,2,2,30,1,0,0,1,replayed_pf_result
38,2,2,31,1,0,0,1,replayed_pf_result
38,2,2,32,1,0,0,1,replayed_pf_result
38,2,2,33,1,0,0,1,replayed_pf_result
38,2,2,34,1,0,0,1,replayed_pf_result
38,2,2,35,1.0494,0,0,1,replayed_pf_result
38,2,2,36,1.0636,0,0,1,replayed_pf_result
38,2,2,37,1,0,0,1,replayed_pf_result
38,2,2,38,1,0,0,1,replayed_pf_result
38,2,2,39,1,0,0,1,replayed_pf_result
38,3,1,1,1.00358592745914,0,0,1,replayed_pf_result
38,3,1,2,1.01185872867129,0,0,1,replayed_pf_result
38,3,1,3,1.0003648926058,0,0,1,replayed_pf_result
38,3,1,4,0.985774001417975,0,0,1,replayed_pf_result
38,3,1,5,0.993236939890657,0,0,1,replayed_pf_result
38,3,1,6,0.997313831101014,0,0,1,replayed_pf_result
38,3,1,7,0.984809063729773,0,0,1,replayed_pf_result
38,3,1,8,0.983135533507963,0,0,1,replayed_pf_result
38,3,1,9,1.01307557279584,0,0,1,replayed_pf_result
38,3,1,10,1.01127091476611,0,0,1,replayed_pf_result
38,3,1,11,1.00533235613478,0,0,1,replayed_pf_result
38,3,1,12,0.991739119362111,0,0,1,replayed_pf_result
38,3,1,13,1.00528995829104,0,0,1,replayed_pf_result
38,3,1,14,0.995494342986713,0,0,1,replayed_pf_result
38,3,1,15,0.987455383349868,0,0,1,replayed_pf_result
38,3,1,16,0.9991397013937,0,0,1,replayed_pf_result
38,3,1,17,1.00166140211548,0,0,1,replayed_pf_result
38,3,1,18,0.999793178783602,0,0,1,replayed_pf_result
38,3,1,19,1.0366598313301,0,0,1,replayed_pf_result
38,3,1,20,0.978053068144689,0,0,1,replayed_pf_result
38,3,1,21,0.983851705121823,0,0,1,replayed_pf_result
38,3,1,22,0.995589738534042,0,0,1,replayed_pf_result
38,3,1,23,0.988486779508075,0,0,1,replayed_pf_result
38,3,1,24,1.00366860595713,0,0,1,replayed_pf_result
38,3,1,25,1.02145780250079,0,0,1,replayed_pf_result
38,3,1,26,1.02064432101476,0,0,1,replayed_pf_result
38,3,1,27,1.00595838384592,0,0,1,replayed_pf_result
38,3,1,28,1.02220684808174,0,0,1,replayed_pf_result
38,3,1,29,1.02275840035652,0,0,1,replayed_pf_result
38,3,1,30,1,0,0,1,replayed_pf_result
38,3,1,31,1,0,0,1,replayed_pf_result
38,3,1,32,1,0,0,1,replayed_pf_result
38,3,1,33,1,0,0,1,replayed_pf_result
38,3,1,34,1,0,0,1,replayed_pf_result
38,3,1,35,1,0,0,1,replayed_pf_result
38,3,1,36,1,0,0,1,replayed_pf_result
38,3,1,37,1,0,0,1,replayed_pf_result
38,3,1,38,1,0,0,1,replayed_pf_result
38,3,1,39,1,0,0,1,replayed_pf_result
38,3,2,1,1.00479005965806,0,0,1,replayed_pf_result
38,3,2,2,1.00998836608555,0,0,1,replayed_pf_result
38,3,2,3,0.991964611953573,0,0,1,replayed_pf_result
38,3,2,4,0.96366427939291,0,0,1,replayed_pf_result
38,3,2,5,0.964464552304936,0,0,1,replayed_pf_result
38,3,2,6,0.967904705509737,0,0,1,replayed_pf_result
38,3,2,7,0.956151574186221,0,0,1,replayed_pf_result
38,3,2,8,0.95521624967876,0,0,1,replayed_pf_result
38,3,2,9,1.00008403659385,0,0,1,replayed_pf_result
38,3,2,10,0.991131693387365,0,0,1,replayed_pf_result
38,3,2,11,0.982159754618789,0,0,1,replayed_pf_result
38,3,2,12,0.969135771873328,0,0,1,replayed_pf_result
38,3,2,13,0.984579444104635,0,0,1,replayed_pf_result
38,3,2,14,0.97566913543245,0,0,1,replayed_pf_result
38,3,2,15,0.980702663474483,0,0,1,replayed_pf_result
38,3,2,16,0.999799361663716,0,0,1,replayed_pf_result
38,3,2,17,0.999337170475602,0,0,1,replayed_pf_result
38,3,2,18,0.995000083025198,0,0,1,replayed_pf_result
38,3,2,19,1.03690238739285,0,0,1,replayed_pf_result
38,3,2,20,0.978185496834714,0,0,1,replayed_pf_result
38,3,2,21,1.0323192,0,0,1,replayed_pf_result
38,3,2,22,1.0501427,0,0,1,replayed_pf_result
38,3,2,23,1.0451451,0,0,1,replayed_pf_result
38,3,2,24,1.00432578918876,0,0,1,replayed_pf_result
38,3,2,25,1.01705525436003,0,0,1,replayed_pf_result
38,3,2,26,1.01708586694331,0,0,1,replayed_pf_result
38,3,2,27,1.00269381040952,0,0,1,replayed_pf_result
38,3,2,28,1.02037105915616,0,0,1,replayed_pf_result
38,3,2,29,1.0215002667082,0,0,1,replayed_pf_result
38,3,2,30,1,0,0,1,replayed_pf_result
38,3,2,31,1,0,0,1,replayed_pf_result
38,3,2,32,1,0,0,1,replayed_pf_result
38,3,2,33,1,0,0,1,replayed_pf_result
38,3,2,34,1,0,0,1,replayed_pf_result
38,3,2,35,1.0494,0,0,1,replayed_pf_result
38,3,2,36,1.0636,0,0,1,replayed_pf_result
38,3,2,37,1,0,0,1,replayed_pf_result
38,3,2,38,1,0,0,1,replayed_pf_result
38,3,2,39,1,0,0,1,replayed_pf_result
38,4,1,1,1.00358592745914,0,0,1,replayed_pf_result
38,4,1,2,1.01185872867129,0,0,1,replayed_pf_result
38,4,1,3,1.0003648926058,0,0,1,replayed_pf_result
38,4,1,4,0.985774001417975,0,0,1,replayed_pf_result
38,4,1,5,0.993236939890657,0,0,1,replayed_pf_result
38,4,1,6,0.997313831101014,0,0,1,replayed_pf_result
38,4,1,7,0.984809063729773,0,0,1,replayed_pf_result
38,4,1,8,0.983135533507963,0,0,1,replayed_pf_result
38,4,1,9,1.01307557279584,0,0,1,replayed_pf_result
38,4,1,10,1.01127091476611,0,0,1,replayed_pf_result
38,4,1,11,1.00533235613478,0,0,1,replayed_pf_result
38,4,1,12,0.991739119362111,0,0,1,replayed_pf_result
38,4,1,13,1.00528995829104,0,0,1,replayed_pf_result
38,4,1,14,0.995494342986713,0,0,1,replayed_pf_result
38,4,1,15,0.987455383349868,0,0,1,replayed_pf_result
38,4,1,16,0.9991397013937,0,0,1,replayed_pf_result
38,4,1,17,1.00166140211548,0,0,1,replayed_pf_result
38,4,1,18,0.999793178783602,0,0,1,replayed_pf_result
38,4,1,19,1.0366598313301,0,0,1,replayed_pf_result
38,4,1,20,0.978053068144689,0,0,1,replayed_pf_result
38,4,1,21,0.983851705121823,0,0,1,replayed_pf_result
38,4,1,22,0.995589738534042,0,0,1,replayed_pf_result
38,4,1,23,0.988486779508075,0,0,1,replayed_pf_result
38,4,1,24,1.00366860595713,0,0,1,replayed_pf_result
38,4,1,25,1.02145780250079,0,0,1,replayed_pf_result
38,4,1,26,1.02064432101476,0,0,1,replayed_pf_result
38,4,1,27,1.00595838384592,0,0,1,replayed_pf_result
38,4,1,28,1.02220684808174,0,0,1,replayed_pf_result
38,4,1,29,1.02275840035652,0,0,1,replayed_pf_result
38,4,1,30,1,0,0,1,replayed_pf_result
38,4,1,31,1,0,0,1,replayed_pf_result
38,4,1,32,1,0,0,1,replayed_pf_result
38,4,1,33,1,0,0,1,replayed_pf_result
38,4,1,34,1,0,0,1,replayed_pf_result
38,4,1,35,1,0,0,1,replayed_pf_result
38,4,1,36,1,0,0,1,replayed_pf_result
38,4,1,37,1,0,0,1,replayed_pf_result
38,4,1,38,1,0,0,1,replayed_pf_result
38,4,1,39,1,0,0,1,replayed_pf_result
38,4,2,1,1.00479005965806,0,0,1,replayed_pf_result
38,4,2,2,1.00998836608555,0,0,1,replayed_pf_result
38,4,2,3,0.991964611953573,0,0,1,replayed_pf_result
38,4,2,4,0.96366427939291,0,0,1,replayed_pf_result
38,4,2,5,0.964464552304936,0,0,1,replayed_pf_result
38,4,2,6,0.967904705509737,0,0,1,replayed_pf_result
38,4,2,7,0.956151574186221,0,0,1,replayed_pf_result
38,4,2,8,0.95521624967876,0,0,1,replayed_pf_result
38,4,2,9,1.00008403659385,0,0,1,replayed_pf_result
38,4,2,10,0.991131693387365,0,0,1,replayed_pf_result
38,4,2,11,0.982159754618789,0,0,1,replayed_pf_result
38,4,2,12,0.969135771873328,0,0,1,replayed_pf_result
38,4,2,13,0.984579444104635,0,0,1,replayed_pf_result
38,4,2,14,0.97566913543245,0,0,1,replayed_pf_result
38,4,2,15,0.980702663474483,0,0,1,replayed_pf_result
38,4,2,16,0.999799361663716,0,0,1,replayed_pf_result
38,4,2,17,0.999337170475602,0,0,1,replayed_pf_result
38,4,2,18,0.995000083025198,0,0,1,replayed_pf_result
38,4,2,19,1.03690238739285,0,0,1,replayed_pf_result
38,4,2,20,0.978185496834714,0,0,1,replayed_pf_result
38,4,2,21,1.0323192,0,0,1,replayed_pf_result
38,4,2,22,1.0501427,0,0,1,replayed_pf_result
38,4,2,23,1.0451451,0,0,1,replayed_pf_result
38,4,2,24,1.00432578918876,0,0,1,replayed_pf_result
38,4,2,25,1.01705525436003,0,0,1,replayed_pf_result
38,4,2,26,1.01708586694331,0,0,1,replayed_pf_result
38,4,2,27,1.00269381040952,0,0,1,replayed_pf_result
38,4,2,28,1.02037105915616,0,0,1,replayed_pf_result
38,4,2,29,1.0215002667082,0,0,1,replayed_pf_result
38,4,2,30,1,0,0,1,replayed_pf_result
38,4,2,31,1,0,0,1,replayed_pf_result
38,4,2,32,1,0,0,1,replayed_pf_result
38,4,2,33,1,0,0,1,replayed_pf_result
38,4,2,34,1,0,0,1,replayed_pf_result
38,4,2,35,1.0494,0,0,1,replayed_pf_result
38,4,2,36,1.0636,0,0,1,replayed_pf_result
38,4,2,37,1,0,0,1,replayed_pf_result
38,4,2,38,1,0,0,1,replayed_pf_result
38,4,2,39,1,0,0,1,replayed_pf_result
38,4,3,1,0.993483100029802,0,0,1,replayed_pf_result
38,4,3,2,0.998464405799487,0,0,1,replayed_pf_result
38,4,3,3,0.975414789085423,0,0,1,replayed_pf_result
38,4,3,4,0.949697468225321,0,0,1,replayed_pf_result
38,4,3,5,0.945302515125513,0,0,1,replayed_pf_result
38,4,3,6,0.947677204960416,0,0,1,replayed_pf_result
38,4,3,7,0.932906973627851,0,0,1,replayed_pf_result
38,4,3,8,0.930210147248449,0,0,1,replayed_pf_result
38,4,3,9,0.969893115387104,0,0,1,replayed_pf_result
38,4,3,10,0.979767628849332,0,0,1,replayed_pf_result
38,4,3,11,0.967729846232841,0,0,1,replayed_pf_result
38,4,3,12,0.956372167245663,0,0,1,replayed_pf_result
38,4,3,13,0.974022430893708,0,0,1,replayed_pf_result
38,4,3,14,0.965795315582629,0,0,1,replayed_pf_result
38,4,3,15,0.97218326926577,0,0,1,replayed_pf_result
38,4,3,16,0.990652031939732,0,0,1,replayed_pf_result
38,4,3,17,0.986912998768805,0,0,1,replayed_pf_result
38,4,3,18,0.980750067909898,0,0,1,replayed_pf_result
38,4,3,19,1.03353882360201,0,0,1,replayed_pf_result
38,4,3,20,0.976349030614983,0,0,1,replayed_pf_result
38,4,3,21,1.0323192,0,0,1,replayed_pf_result
38,4,3,22,1.0501427,0,0,1,replayed_pf_result
38,4,3,23,1.0451451,0,0,1,replayed_pf_result
38,4,3,24,0.995213074139022,0,0,1,replayed_pf_result
38,4,3,25,1.00221484071168,0,0,1,replayed_pf_result
38,4,3,26,1.00358350984826,0,0,1,replayed_pf_result
38,4,3,27,0.988742256836322,0,0,1,replayed_pf_result
38,4,3,28,1.01340435498185,0,0,1,replayed_pf_result
38,4,3,29,1.01672571059235,0,0,1,replayed_pf_result
38,4,3,30,1,0,0,1,replayed_pf_result
38,4,3,31,0.982,0,0,1,replayed_pf_result
38,4,3,32,1,0,0,1,replayed_pf_result
38,4,3,33,1,0,0,1,replayed_pf_result
38,4,3,34,1,0,0,1,replayed_pf_result
38,4,3,35,1.0494,0,0,1,replayed_pf_result
38,4,3,36,1.0636,0,0,1,replayed_pf_result
38,4,3,37,1,0,0,1,replayed_pf_result
38,4,3,38,1,0,0,1,replayed_pf_result
38,4,3,39,0.999999999999999,0,0,1,replayed_pf_result
38,4,4,1,1.00460104654622,0,0,1,replayed_pf_result
38,4,4,2,1.00840883568105,0,0,1,replayed_pf_result
38,4,4,3,0.858360406907008,0.0416395930929925,2.47448814259733,1,replayed_pf_result
38,4,4,4,0.840434778292822,0.059565221707178,3.57188107293927,1,replayed_pf_result
38,4,4,5,0.833128910043627,0.0668710899563735,4.02481379868672,1,replayed_pf_result
38,4,4,6,0.838465969770949,0.0615340302290508,3.6936132872252,1,replayed_pf_result
38,4,4,7,0.812754701088094,0.0872452989119061,5.30555039342585,1,replayed_pf_result
38,4,4,8,0.805670333415795,0.0943296665842049,5.75702788798021,1,replayed_pf_result
38,4,4,9,0.87243285627678,0.0275671437232198,1.62666174780112,1,replayed_pf_result
38,4,4,10,0.899467063838233,0.000532936161766973,0.0310239093869853,1,replayed_pf_result
38,4,4,11,0.877525149461938,0.0224748505380616,1.32279305831144,1,replayed_pf_result
38,4,4,12,0.865967716933882,0.0340322830661184,2.01468736135989,1,replayed_pf_result
38,4,4,13,0.888745607598706,0.0112543924012939,0.658678986224715,1,replayed_pf_result
38,4,4,14,0.870773216870506,0.0292267831294944,1.72603100312125,1,replayed_pf_result
38,4,4,15,0.883552524227058,0.0164474757729417,0.965119914996537,1,replayed_pf_result
38,4,4,16,0.906805545059109,0,0,1,replayed_pf_result
38,4,4,17,0.88423246076879,0.0157675392312102,0.924906644540768,1,replayed_pf_result
38,4,4,18,0.872026659572184,0.0279733404278162,1.65096713053978,1,replayed_pf_result
38,4,4,19,1.00269641825046,0,0,1,replayed_pf_result
38,4,4,20,0.959503625855584,0,0,1,replayed_pf_result
38,4,4,21,1.0323192,0,0,1,replayed_pf_result
38,4,4,22,1.0501427,0,0,1,replayed_pf_result
38,4,4,23,1.0451451,0,0,1,replayed_pf_result
38,4,4,24,0.911712681997533,0,0,1,replayed_pf_result
38,4,4,25,0.958072285120418,0,0,1,replayed_pf_result
38,4,4,26,0.904026034691557,0,0,1,replayed_pf_result
38,4,4,27,0.87357144797004,0.02642855202996,1.55858502298731,1,replayed_pf_result
38,4,4,28,0.961989212693251,0,0,1,replayed_pf_result
38,4,4,29,0.981488101301906,0,0,1,replayed_pf_result
38,4,4,30,1,0,0,1,replayed_pf_result
38,4,4,31,0.982,0,0,1,replayed_pf_result
38,4,4,32,1,0,0,1,replayed_pf_result
38,4,4,33,1,0,0,1,replayed_pf_result
38,4,4,34,1,0,0,1,replayed_pf_result
38,4,4,35,1.0494,0,0,1,replayed_pf_result
38,4,4,36,1.0636,0,0,1,replayed_pf_result
38,4,4,37,1,0,0,1,replayed_pf_result
38,4,4,38,1,0,0,1,replayed_pf_result
38,4,4,39,0.999999999999999,0,0,1,replayed_pf_result
38,4,5,1,1.0393836,0,0,1,replayed_after_load_shedding
38,4,5,2,1.0484941,0,0,1,replayed_after_load_shedding
38,4,5,3,0.839854691168356,0.0601453088316436,3.60772318936923,1,replayed_after_load_shedding
38,4,5,4,0.813542546917558,0.0864574530824418,5.2555393486235,1,replayed_after_load_shedding
38,4,5,5,0.806133194546392,0.0938668054536079,5.72743259367491,1,replayed_after_load_shedding
38,4,5,6,0.80859842055438,0.0914015794456196,5.57003685425166,1,replayed_after_load_shedding
38,4,5,7,0.793891006794869,0.106108993205131,6.51482558253966,1,replayed_after_load_shedding
38,4,5,8,0.790810136960047,0.109189863039953,6.7145037935794,1,replayed_after_load_shedding
38,4,5,9,1.038332,0,0,1,replayed_after_load_shedding
38,4,5,10,0.854045974315227,0.0459540256847731,2.7368195807917,1,replayed_after_load_shedding
38,4,5,11,0.835402360249674,0.0645976397503264,3.88351475753879,1,replayed_after_load_shedding
38,4,5,12,0.827348303946682,0.0726516960533177,4.38553907274934,1,replayed_after_load_shedding
38,4,5,13,0.844463793737916,0.0555362062620841,3.32351127372223,1,replayed_after_load_shedding
38,4,5,14,0.833901182700665,0.0660988172993348,3.9767796253921,1,replayed_after_load_shedding
38,4,5,15,0.864075200751532,0.0359247992484684,2.12874812021618,1,replayed_after_load_shedding
38,4,5,16,0.892280073074747,0.00771992692525314,0.451020447407507,1,replayed_after_load_shedding
38,4,5,17,0.872143719682006,0.0278562803179936,1.64396165246315,1,replayed_after_load_shedding
38,4,5,18,0.858631686164956,0.041368313835044,2.45803127667604,1,replayed_after_load_shedding
38,4,5,19,0.998014974947328,0,0,1,replayed_after_load_shedding
38,4,5,20,0.959950396593225,0,0,1,replayed_after_load_shedding
38,4,5,21,1.0323192,0,0,1,replayed_after_load_shedding
38,4,5,22,1.0501427,0,0,1,replayed_after_load_shedding
38,4,5,23,1.0451451,0,0,1,replayed_after_load_shedding
38,4,5,24,0.896103574171512,0.0038964258284877,0.227205263996888,1,replayed_after_load_shedding
38,4,5,25,1.0576827,0,0,1,replayed_after_load_shedding
38,4,5,26,1.0525613,0,0,1,replayed_after_load_shedding
38,4,5,27,0.858937689264329,0.0410623107356713,2.43947328342708,1,replayed_after_load_shedding
38,4,5,28,1.0503737,0,0,1,replayed_after_load_shedding
38,4,5,29,1.0501149,0,0,1,replayed_after_load_shedding
38,4,5,30,1.0499,0,0,1,replayed_after_load_shedding
38,4,5,31,0.982,0,0,1,replayed_after_load_shedding
38,4,5,32,1,0,0,1,replayed_after_load_shedding
38,4,5,33,1,0,0,1,replayed_after_load_shedding
38,4,5,34,1,0,0,1,replayed_after_load_shedding
38,4,5,35,1.0494,0,0,1,replayed_after_load_shedding
38,4,5,36,1.0636,0,0,1,replayed_after_load_shedding
38,4,5,37,1.0275,0,0,1,replayed_after_load_shedding
38,4,5,38,1.0265,0,0,1,replayed_after_load_shedding
38,4,5,39,1.03,0,0,1,replayed_after_load_shedding
38,5,1,1,1.00358592745914,0,0,1,replayed_pf_result
38,5,1,2,1.01185872867129,0,0,1,replayed_pf_result
38,5,1,3,1.0003648926058,0,0,1,replayed_pf_result
38,5,1,4,0.985774001417975,0,0,1,replayed_pf_result
38,5,1,5,0.993236939890657,0,0,1,replayed_pf_result
38,5,1,6,0.997313831101014,0,0,1,replayed_pf_result
38,5,1,7,0.984809063729773,0,0,1,replayed_pf_result
38,5,1,8,0.983135533507963,0,0,1,replayed_pf_result
38,5,1,9,1.01307557279584,0,0,1,replayed_pf_result
38,5,1,10,1.01127091476611,0,0,1,replayed_pf_result
38,5,1,11,1.00533235613478,0,0,1,replayed_pf_result
38,5,1,12,0.991739119362111,0,0,1,replayed_pf_result
38,5,1,13,1.00528995829104,0,0,1,replayed_pf_result
38,5,1,14,0.995494342986713,0,0,1,replayed_pf_result
38,5,1,15,0.987455383349868,0,0,1,replayed_pf_result
38,5,1,16,0.9991397013937,0,0,1,replayed_pf_result
38,5,1,17,1.00166140211548,0,0,1,replayed_pf_result
38,5,1,18,0.999793178783602,0,0,1,replayed_pf_result
38,5,1,19,1.0366598313301,0,0,1,replayed_pf_result
38,5,1,20,0.978053068144689,0,0,1,replayed_pf_result
38,5,1,21,0.983851705121823,0,0,1,replayed_pf_result
38,5,1,22,0.995589738534042,0,0,1,replayed_pf_result
38,5,1,23,0.988486779508075,0,0,1,replayed_pf_result
38,5,1,24,1.00366860595713,0,0,1,replayed_pf_result
38,5,1,25,1.02145780250079,0,0,1,replayed_pf_result
38,5,1,26,1.02064432101476,0,0,1,replayed_pf_result
38,5,1,27,1.00595838384592,0,0,1,replayed_pf_result
38,5,1,28,1.02220684808174,0,0,1,replayed_pf_result
38,5,1,29,1.02275840035652,0,0,1,replayed_pf_result
38,5,1,30,1,0,0,1,replayed_pf_result
38,5,1,31,1,0,0,1,replayed_pf_result
38,5,1,32,1,0,0,1,replayed_pf_result
38,5,1,33,1,0,0,1,replayed_pf_result
38,5,1,34,1,0,0,1,replayed_pf_result
38,5,1,35,1,0,0,1,replayed_pf_result
38,5,1,36,1,0,0,1,replayed_pf_result
38,5,1,37,1,0,0,1,replayed_pf_result
38,5,1,38,1,0,0,1,replayed_pf_result
38,5,1,39,1,0,0,1,replayed_pf_result
38,5,2,1,1.00479005965806,0,0,1,replayed_pf_result
38,5,2,2,1.00998836608555,0,0,1,replayed_pf_result
38,5,2,3,0.991964611953573,0,0,1,replayed_pf_result
38,5,2,4,0.96366427939291,0,0,1,replayed_pf_result
38,5,2,5,0.964464552304936,0,0,1,replayed_pf_result
38,5,2,6,0.967904705509737,0,0,1,replayed_pf_result
38,5,2,7,0.956151574186221,0,0,1,replayed_pf_result
38,5,2,8,0.95521624967876,0,0,1,replayed_pf_result
38,5,2,9,1.00008403659385,0,0,1,replayed_pf_result
38,5,2,10,0.991131693387365,0,0,1,replayed_pf_result
38,5,2,11,0.982159754618789,0,0,1,replayed_pf_result
38,5,2,12,0.969135771873328,0,0,1,replayed_pf_result
38,5,2,13,0.984579444104635,0,0,1,replayed_pf_result
38,5,2,14,0.97566913543245,0,0,1,replayed_pf_result
38,5,2,15,0.980702663474483,0,0,1,replayed_pf_result
38,5,2,16,0.999799361663716,0,0,1,replayed_pf_result
38,5,2,17,0.999337170475602,0,0,1,replayed_pf_result
38,5,2,18,0.995000083025198,0,0,1,replayed_pf_result
38,5,2,19,1.03690238739285,0,0,1,replayed_pf_result
38,5,2,20,0.978185496834714,0,0,1,replayed_pf_result
38,5,2,21,1.0323192,0,0,1,replayed_pf_result
38,5,2,22,1.0501427,0,0,1,replayed_pf_result
38,5,2,23,1.0451451,0,0,1,replayed_pf_result
38,5,2,24,1.00432578918876,0,0,1,replayed_pf_result
38,5,2,25,1.01705525436003,0,0,1,replayed_pf_result
38,5,2,26,1.01708586694331,0,0,1,replayed_pf_result
38,5,2,27,1.00269381040952,0,0,1,replayed_pf_result
38,5,2,28,1.02037105915616,0,0,1,replayed_pf_result
38,5,2,29,1.0215002667082,0,0,1,replayed_pf_result
38,5,2,30,1,0,0,1,replayed_pf_result
38,5,2,31,1,0,0,1,replayed_pf_result
38,5,2,32,1,0,0,1,replayed_pf_result
38,5,2,33,1,0,0,1,replayed_pf_result
38,5,2,34,1,0,0,1,replayed_pf_result
38,5,2,35,1.0494,0,0,1,replayed_pf_result
38,5,2,36,1.0636,0,0,1,replayed_pf_result
38,5,2,37,1,0,0,1,replayed_pf_result
38,5,2,38,1,0,0,1,replayed_pf_result
38,5,2,39,1,0,0,1,replayed_pf_result
38,6,1,1,1.00358592745914,0,0,1,replayed_pf_result
38,6,1,2,1.01185872867129,0,0,1,replayed_pf_result
38,6,1,3,1.0003648926058,0,0,1,replayed_pf_result
38,6,1,4,0.985774001417975,0,0,1,replayed_pf_result
38,6,1,5,0.993236939890657,0,0,1,replayed_pf_result
38,6,1,6,0.997313831101014,0,0,1,replayed_pf_result
38,6,1,7,0.984809063729773,0,0,1,replayed_pf_result
38,6,1,8,0.983135533507963,0,0,1,replayed_pf_result
38,6,1,9,1.01307557279584,0,0,1,replayed_pf_result
38,6,1,10,1.01127091476611,0,0,1,replayed_pf_result
38,6,1,11,1.00533235613478,0,0,1,replayed_pf_result
38,6,1,12,0.991739119362111,0,0,1,replayed_pf_result
38,6,1,13,1.00528995829104,0,0,1,replayed_pf_result
38,6,1,14,0.995494342986713,0,0,1,replayed_pf_result
38,6,1,15,0.987455383349868,0,0,1,replayed_pf_result
38,6,1,16,0.9991397013937,0,0,1,replayed_pf_result
38,6,1,17,1.00166140211548,0,0,1,replayed_pf_result
38,6,1,18,0.999793178783602,0,0,1,replayed_pf_result
38,6,1,19,1.0366598313301,0,0,1,replayed_pf_result
38,6,1,20,0.978053068144689,0,0,1,replayed_pf_result
38,6,1,21,0.983851705121823,0,0,1,replayed_pf_result
38,6,1,22,0.995589738534042,0,0,1,replayed_pf_result
38,6,1,23,0.988486779508075,0,0,1,replayed_pf_result
38,6,1,24,1.00366860595713,0,0,1,replayed_pf_result
38,6,1,25,1.02145780250079,0,0,1,replayed_pf_result
38,6,1,26,1.02064432101476,0,0,1,replayed_pf_result
38,6,1,27,1.00595838384592,0,0,1,replayed_pf_result
38,6,1,28,1.02220684808174,0,0,1,replayed_pf_result
38,6,1,29,1.02275840035652,0,0,1,replayed_pf_result
38,6,1,30,1,0,0,1,replayed_pf_result
38,6,1,31,1,0,0,1,replayed_pf_result
38,6,1,32,1,0,0,1,replayed_pf_result
38,6,1,33,1,0,0,1,replayed_pf_result
38,6,1,34,1,0,0,1,replayed_pf_result
38,6,1,35,1,0,0,1,replayed_pf_result
38,6,1,36,1,0,0,1,replayed_pf_result
38,6,1,37,1,0,0,1,replayed_pf_result
38,6,1,38,1,0,0,1,replayed_pf_result
38,6,1,39,1,0,0,1,replayed_pf_result
38,7,1,1,1.00358592745914,0,0,1,replayed_pf_result
38,7,1,2,1.01185872867129,0,0,1,replayed_pf_result
38,7,1,3,1.0003648926058,0,0,1,replayed_pf_result
38,7,1,4,0.985774001417975,0,0,1,replayed_pf_result
38,7,1,5,0.993236939890657,0,0,1,replayed_pf_result
38,7,1,6,0.997313831101014,0,0,1,replayed_pf_result
38,7,1,7,0.984809063729773,0,0,1,replayed_pf_result
38,7,1,8,0.983135533507963,0,0,1,replayed_pf_result
38,7,1,9,1.01307557279584,0,0,1,replayed_pf_result
38,7,1,10,1.01127091476611,0,0,1,replayed_pf_result
38,7,1,11,1.00533235613478,0,0,1,replayed_pf_result
38,7,1,12,0.991739119362111,0,0,1,replayed_pf_result
38,7,1,13,1.00528995829104,0,0,1,replayed_pf_result
38,7,1,14,0.995494342986713,0,0,1,replayed_pf_result
38,7,1,15,0.987455383349868,0,0,1,replayed_pf_result
38,7,1,16,0.9991397013937,0,0,1,replayed_pf_result
38,7,1,17,1.00166140211548,0,0,1,replayed_pf_result
38,7,1,18,0.999793178783602,0,0,1,replayed_pf_result
38,7,1,19,1.0366598313301,0,0,1,replayed_pf_result
38,7,1,20,0.978053068144689,0,0,1,replayed_pf_result
38,7,1,21,0.983851705121823,0,0,1,replayed_pf_result
38,7,1,22,0.995589738534042,0,0,1,replayed_pf_result
38,7,1,23,0.988486779508075,0,0,1,replayed_pf_result
38,7,1,24,1.00366860595713,0,0,1,replayed_pf_result
38,7,1,25,1.02145780250079,0,0,1,replayed_pf_result
38,7,1,26,1.02064432101476,0,0,1,replayed_pf_result
38,7,1,27,1.00595838384592,0,0,1,replayed_pf_result
38,7,1,28,1.02220684808174,0,0,1,replayed_pf_result
38,7,1,29,1.02275840035652,0,0,1,replayed_pf_result
38,7,1,30,1,0,0,1,replayed_pf_result
38,7,1,31,1,0,0,1,replayed_pf_result
38,7,1,32,1,0,0,1,replayed_pf_result
38,7,1,33,1,0,0,1,replayed_pf_result
38,7,1,34,1,0,0,1,replayed_pf_result
38,7,1,35,1,0,0,1,replayed_pf_result
38,7,1,36,1,0,0,1,replayed_pf_result
38,7,1,37,1,0,0,1,replayed_pf_result
38,7,1,38,1,0,0,1,replayed_pf_result
38,7,1,39,1,0,0,1,replayed_pf_result
38,7,2,1,1.00479005965806,0,0,1,replayed_pf_result
38,7,2,2,1.00998836608555,0,0,1,replayed_pf_result
38,7,2,3,0.991964611953573,0,0,1,replayed_pf_result
38,7,2,4,0.96366427939291,0,0,1,replayed_pf_result
38,7,2,5,0.964464552304936,0,0,1,replayed_pf_result
38,7,2,6,0.967904705509737,0,0,1,replayed_pf_result
38,7,2,7,0.956151574186221,0,0,1,replayed_pf_result
38,7,2,8,0.95521624967876,0,0,1,replayed_pf_result
38,7,2,9,1.00008403659385,0,0,1,replayed_pf_result
38,7,2,10,0.991131693387365,0,0,1,replayed_pf_result
38,7,2,11,0.982159754618789,0,0,1,replayed_pf_result
38,7,2,12,0.969135771873328,0,0,1,replayed_pf_result
38,7,2,13,0.984579444104635,0,0,1,replayed_pf_result
38,7,2,14,0.97566913543245,0,0,1,replayed_pf_result
38,7,2,15,0.980702663474483,0,0,1,replayed_pf_result
38,7,2,16,0.999799361663716,0,0,1,replayed_pf_result
38,7,2,17,0.999337170475602,0,0,1,replayed_pf_result
38,7,2,18,0.995000083025198,0,0,1,replayed_pf_result
38,7,2,19,1.03690238739285,0,0,1,replayed_pf_result
38,7,2,20,0.978185496834714,0,0,1,replayed_pf_result
38,7,2,21,1.0323192,0,0,1,replayed_pf_result
38,7,2,22,1.0501427,0,0,1,replayed_pf_result
38,7,2,23,1.0451451,0,0,1,replayed_pf_result
38,7,2,24,1.00432578918876,0,0,1,replayed_pf_result
38,7,2,25,1.01705525436003,0,0,1,replayed_pf_result
38,7,2,26,1.01708586694331,0,0,1,replayed_pf_result
38,7,2,27,1.00269381040952,0,0,1,replayed_pf_result
38,7,2,28,1.02037105915616,0,0,1,replayed_pf_result
38,7,2,29,1.0215002667082,0,0,1,replayed_pf_result
38,7,2,30,1,0,0,1,replayed_pf_result
38,7,2,31,1,0,0,1,replayed_pf_result
38,7,2,32,1,0,0,1,replayed_pf_result
38,7,2,33,1,0,0,1,replayed_pf_result
38,7,2,34,1,0,0,1,replayed_pf_result
38,7,2,35,1.0494,0,0,1,replayed_pf_result
38,7,2,36,1.0636,0,0,1,replayed_pf_result
38,7,2,37,1,0,0,1,replayed_pf_result
38,7,2,38,1,0,0,1,replayed_pf_result
38,7,2,39,1,0,0,1,replayed_pf_result
38,8,1,1,1.00358592745914,0,0,1,replayed_pf_result
38,8,1,2,1.01185872867129,0,0,1,replayed_pf_result
38,8,1,3,1.0003648926058,0,0,1,replayed_pf_result
38,8,1,4,0.985774001417975,0,0,1,replayed_pf_result
38,8,1,5,0.993236939890657,0,0,1,replayed_pf_result
38,8,1,6,0.997313831101014,0,0,1,replayed_pf_result
38,8,1,7,0.984809063729773,0,0,1,replayed_pf_result
38,8,1,8,0.983135533507963,0,0,1,replayed_pf_result
38,8,1,9,1.01307557279584,0,0,1,replayed_pf_result
38,8,1,10,1.01127091476611,0,0,1,replayed_pf_result
38,8,1,11,1.00533235613478,0,0,1,replayed_pf_result
38,8,1,12,0.991739119362111,0,0,1,replayed_pf_result
38,8,1,13,1.00528995829104,0,0,1,replayed_pf_result
38,8,1,14,0.995494342986713,0,0,1,replayed_pf_result
38,8,1,15,0.987455383349868,0,0,1,replayed_pf_result
38,8,1,16,0.9991397013937,0,0,1,replayed_pf_result
38,8,1,17,1.00166140211548,0,0,1,replayed_pf_result
38,8,1,18,0.999793178783602,0,0,1,replayed_pf_result
38,8,1,19,1.0366598313301,0,0,1,replayed_pf_result
38,8,1,20,0.978053068144689,0,0,1,replayed_pf_result
38,8,1,21,0.983851705121823,0,0,1,replayed_pf_result
38,8,1,22,0.995589738534042,0,0,1,replayed_pf_result
38,8,1,23,0.988486779508075,0,0,1,replayed_pf_result
38,8,1,24,1.00366860595713,0,0,1,replayed_pf_result
38,8,1,25,1.02145780250079,0,0,1,replayed_pf_result
38,8,1,26,1.02064432101476,0,0,1,replayed_pf_result
38,8,1,27,1.00595838384592,0,0,1,replayed_pf_result
38,8,1,28,1.02220684808174,0,0,1,replayed_pf_result
38,8,1,29,1.02275840035652,0,0,1,replayed_pf_result
38,8,1,30,1,0,0,1,replayed_pf_result
38,8,1,31,1,0,0,1,replayed_pf_result
38,8,1,32,1,0,0,1,replayed_pf_result
38,8,1,33,1,0,0,1,replayed_pf_result
38,8,1,34,1,0,0,1,replayed_pf_result
38,8,1,35,1,0,0,1,replayed_pf_result
38,8,1,36,1,0,0,1,replayed_pf_result
38,8,1,37,1,0,0,1,replayed_pf_result
38,8,1,38,1,0,0,1,replayed_pf_result
38,8,1,39,1,0,0,1,replayed_pf_result
38,8,2,1,1.00479005965806,0,0,1,replayed_pf_result
38,8,2,2,1.00998836608555,0,0,1,replayed_pf_result
38,8,2,3,0.991964611953573,0,0,1,replayed_pf_result
38,8,2,4,0.96366427939291,0,0,1,replayed_pf_result
38,8,2,5,0.964464552304936,0,0,1,replayed_pf_result
38,8,2,6,0.967904705509737,0,0,1,replayed_pf_result
38,8,2,7,0.956151574186221,0,0,1,replayed_pf_result
38,8,2,8,0.95521624967876,0,0,1,replayed_pf_result
38,8,2,9,1.00008403659385,0,0,1,replayed_pf_result
38,8,2,10,0.991131693387365,0,0,1,replayed_pf_result
38,8,2,11,0.982159754618789,0,0,1,replayed_pf_result
38,8,2,12,0.969135771873328,0,0,1,replayed_pf_result
38,8,2,13,0.984579444104635,0,0,1,replayed_pf_result
38,8,2,14,0.97566913543245,0,0,1,replayed_pf_result
38,8,2,15,0.980702663474483,0,0,1,replayed_pf_result
38,8,2,16,0.999799361663716,0,0,1,replayed_pf_result
38,8,2,17,0.999337170475602,0,0,1,replayed_pf_result
38,8,2,18,0.995000083025198,0,0,1,replayed_pf_result
38,8,2,19,1.03690238739285,0,0,1,replayed_pf_result
38,8,2,20,0.978185496834714,0,0,1,replayed_pf_result
38,8,2,21,1.0323192,0,0,1,replayed_pf_result
38,8,2,22,1.0501427,0,0,1,replayed_pf_result
38,8,2,23,1.0451451,0,0,1,replayed_pf_result
38,8,2,24,1.00432578918876,0,0,1,replayed_pf_result
38,8,2,25,1.01705525436003,0,0,1,replayed_pf_result
38,8,2,26,1.01708586694331,0,0,1,replayed_pf_result
38,8,2,27,1.00269381040952,0,0,1,replayed_pf_result
38,8,2,28,1.02037105915616,0,0,1,replayed_pf_result
38,8,2,29,1.0215002667082,0,0,1,replayed_pf_result
38,8,2,30,1,0,0,1,replayed_pf_result
38,8,2,31,1,0,0,1,replayed_pf_result
38,8,2,32,1,0,0,1,replayed_pf_result
38,8,2,33,1,0,0,1,replayed_pf_result
38,8,2,34,1,0,0,1,replayed_pf_result
38,8,2,35,1.0494,0,0,1,replayed_pf_result
38,8,2,36,1.0636,0,0,1,replayed_pf_result
38,8,2,37,1,0,0,1,replayed_pf_result
38,8,2,38,1,0,0,1,replayed_pf_result
38,8,2,39,1,0,0,1,replayed_pf_result
38,8,3,1,1.0037434149316,0,0,1,replayed_pf_result
38,8,3,2,1.00489336471523,0,0,1,replayed_pf_result
38,8,3,3,0.979006222497576,0,0,1,replayed_pf_result
38,8,3,4,0.94018582299204,0,0,1,replayed_pf_result
38,8,3,5,0.945623986689322,0,0,1,replayed_pf_result
38,8,3,6,0.951247906513845,0,0,1,replayed_pf_result
38,8,3,7,0.938798991040363,0,0,1,replayed_pf_result
38,8,3,8,0.93782235014972,0,0,1,replayed_pf_result
38,8,3,9,0.991684135050915,0,0,1,replayed_pf_result
38,8,3,10,0.987808331401888,0,0,1,replayed_pf_result
38,8,3,11,0.971837083777011,0,0,1,replayed_pf_result
38,8,3,12,0.938532929461072,0,0,1,replayed_pf_result
38,8,3,13,0.945507801137199,0,0,1,replayed_pf_result
38,8,3,14,0.947875518099827,0,0,1,replayed_pf_result
38,8,3,15,0.963587551538405,0,0,1,replayed_pf_result
38,8,3,16,0.987176712149464,0,0,1,replayed_pf_result
38,8,3,17,0.987292122633177,0,0,1,replayed_pf_result
38,8,3,18,0.98244552934948,0,0,1,replayed_pf_result
38,8,3,19,1.03226085439887,0,0,1,replayed_pf_result
38,8,3,20,0.975651242529495,0,0,1,replayed_pf_result
38,8,3,21,1.0323192,0,0,1,replayed_pf_result
38,8,3,22,1.0501427,0,0,1,replayed_pf_result
38,8,3,23,1.0451451,0,0,1,replayed_pf_result
38,8,3,24,0.991751057275023,0,0,1,replayed_pf_result
38,8,3,25,1.01192340804648,0,0,1,replayed_pf_result
38,8,3,26,1.01003213979549,0,0,1,replayed_pf_result
38,8,3,27,0.993149561911391,0,0,1,replayed_pf_result
38,8,3,28,1.01673178315428,0,0,1,replayed_pf_result
38,8,3,29,1.0190061313174,0,0,1,replayed_pf_result
38,8,3,30,1,0,0,1,replayed_pf_result
38,8,3,31,1,0,0,1,replayed_pf_result
38,8,3,32,1,0,0,1,replayed_pf_result
38,8,3,33,1,0,0,1,replayed_pf_result
38,8,3,34,1,0,0,1,replayed_pf_result
38,8,3,35,1.0494,0,0,1,replayed_pf_result
38,8,3,36,1.0636,0,0,1,replayed_pf_result
38,8,3,37,1,0,0,1,replayed_pf_result
38,8,3,38,1,0,0,1,replayed_pf_result
38,8,3,39,1,0,0,1,replayed_pf_result
38,8,4,1,0.99936904674998,0,0,1,replayed_after_load_shedding
38,8,4,2,0.989483104733151,0,0,1,replayed_after_load_shedding
38,8,4,3,0.946050268948632,0,0,1,replayed_after_load_shedding
38,8,4,4,0.885087691019014,0.0149123089809857,0.874364843454851,1,replayed_after_load_shedding
38,8,4,5,0.808980965638514,0.0910190343614857,5.54564749651718,1,replayed_after_load_shedding
38,8,4,6,0.811288741830915,0.0887112581690851,5.39871179695631,1,replayed_after_load_shedding
38,8,4,7,0.801732643848493,0.0982673561515068,6.00935811034065,1,replayed_after_load_shedding
38,8,4,8,0.803146188542824,0.0968538114571763,5.91866272153995,1,replayed_after_load_shedding
38,8,4,9,0.922563340951651,0,0,1,replayed_after_load_shedding
38,8,4,10,1.0178431,0,0,1,replayed_after_load_shedding
38,8,4,11,0.793228920230972,0.106771079769028,6.55768504360692,1,replayed_after_load_shedding
38,8,4,12,0.760356844112234,0.139643155887766,8.72170101379446,1,replayed_after_load_shedding
38,8,4,13,0.847837655141694,0.0521623448583062,3.11629708492619,1,replayed_after_load_shedding
38,8,4,14,0.875719093557694,0.0242809064423057,1.43038747480118,1,replayed_after_load_shedding
38,8,4,15,0.921630196157635,0,0,1,replayed_after_load_shedding
38,8,4,16,0.95639414595443,0,0,1,replayed_after_load_shedding
38,8,4,17,0.95858447803998,0,0,1,replayed_after_load_shedding
38,8,4,18,0.952409549930426,0,0,1,replayed_after_load_shedding
38,8,4,19,1.02133322625476,0,0,1,replayed_after_load_shedding
38,8,4,20,0.97090868437233,0,0,1,replayed_after_load_shedding
38,8,4,21,1.0323192,0,0,1,replayed_after_load_shedding
38,8,4,22,1.0501427,0,0,1,replayed_after_load_shedding
38,8,4,23,1.0451451,0,0,1,replayed_after_load_shedding
38,8,4,24,0.960658863225169,0,0,1,replayed_after_load_shedding
38,8,4,25,1.00032147637011,0,0,1,replayed_after_load_shedding
38,8,4,26,0.994262238268693,0,0,1,replayed_after_load_shedding
38,8,4,27,0.971459640364426,0,0,1,replayed_after_load_shedding
38,8,4,28,1.00943362146938,0,0,1,replayed_after_load_shedding
38,8,4,29,1.01404115237253,0,0,1,replayed_after_load_shedding
38,8,4,30,1,0,0,1,replayed_after_load_shedding
38,8,4,31,1,0,0,1,replayed_after_load_shedding
38,8,4,32,0.9841,0,0,1,replayed_after_load_shedding
38,8,4,33,1,0,0,1,replayed_after_load_shedding
38,8,4,34,1,0,0,1,replayed_after_load_shedding
38,8,4,35,1.0494,0,0,1,replayed_after_load_shedding
38,8,4,36,1.0636,0,0,1,replayed_after_load_shedding
38,8,4,37,1,0,0,1,replayed_after_load_shedding
38,8,4,38,1,0,0,1,replayed_after_load_shedding
38,8,4,39,1,0,0,1,replayed_after_load_shedding
38,8,5,1,1.01094177099708,0,0,1,replayed_after_load_shedding
38,8,5,2,1.01524524089676,0,0,1,replayed_after_load_shedding
38,8,5,3,0.85876785326242,0.0412321467375804,2.44977252809271,1,replayed_after_load_shedding
38,8,5,4,0.835954747132427,0.064045252867573,3.84923139474519,1,replayed_after_load_shedding
38,8,5,5,0.777388775068347,0.122611224931653,7.59158623295865,1,replayed_after_load_shedding
38,8,5,6,0.777309981785898,0.122690018214102,7.59677018868905,1,replayed_after_load_shedding
38,8,5,7,0.774242840179665,0.125757159820335,7.79888084832015,1,replayed_after_load_shedding
38,8,5,8,0.776920672376842,0.123079327623158,7.62238957019503,1,replayed_after_load_shedding
38,8,5,9,0.904169692239063,0,0,1,replayed_after_load_shedding
38,8,5,10,1.0178431,0,0,1,replayed_after_load_shedding
38,8,5,11,0.778828013470893,0.121171986529107,7.49696791341687,1,replayed_after_load_shedding
38,8,5,12,0.792994203079096,0.107005796920904,6.57288602016789,1,replayed_after_load_shedding
38,8,5,13,0.835162487233303,0.0648375127666972,3.89840814494071,1,replayed_after_load_shedding
38,8,5,14,0.845154170781367,0.0548458292186335,3.28105311976441,1,replayed_after_load_shedding
38,8,5,15,0.87930879831259,0.0206912016874101,1.21672407459313,1,replayed_after_load_shedding
38,8,5,16,0.907390093367776,0,0,1,replayed_after_load_shedding
38,8,5,17,0.89116197016089,0.00883802983910986,0.51663239347731,1,replayed_after_load_shedding
38,8,5,18,0.876365421057108,0.0236345789428918,1.39186067288154,1,replayed_after_load_shedding
38,8,5,19,1.00360722261385,0,0,1,replayed_after_load_shedding
38,8,5,20,0.963326537301317,0,0,1,replayed_after_load_shedding
38,8,5,21,1.0323192,0,0,1,replayed_after_load_shedding
38,8,5,22,1.0501427,0,0,1,replayed_after_load_shedding
38,8,5,23,1.0451451,0,0,1,replayed_after_load_shedding
38,8,5,24,0.911022603611371,0,0,1,replayed_after_load_shedding
38,8,5,25,0.986820114642307,0,0,1,replayed_after_load_shedding
38,8,5,26,0.936169265989101,0,0,1,replayed_after_load_shedding
38,8,5,27,0.898566068661626,0.00143393133837411,0.0835113242614786,1,replayed_after_load_shedding
38,8,5,28,0.980727388030321,0,0,1,replayed_after_load_shedding
38,8,5,29,0.994420392002558,0,0,1,replayed_after_load_shedding
38,8,5,30,0.999999999999999,0,0,1,replayed_after_load_shedding
38,8,5,31,0.982,0,0,1,replayed_after_load_shedding
38,8,5,32,0.9841,0,0,1,replayed_after_load_shedding
38,8,5,33,1,0,0,1,replayed_after_load_shedding
38,8,5,34,1,0,0,1,replayed_after_load_shedding
38,8,5,35,1.0494,0,0,1,replayed_after_load_shedding
38,8,5,36,1.0636,0,0,1,replayed_after_load_shedding
38,8,5,37,1,0,0,1,replayed_after_load_shedding
38,8,5,38,1,0,0,1,replayed_after_load_shedding
38,8,5,39,0.999999999999999,0,0,1,replayed_after_load_shedding
38,9,1,1,1.00358592745914,0,0,1,replayed_pf_result
38,9,1,2,1.01185872867129,0,0,1,replayed_pf_result
38,9,1,3,1.0003648926058,0,0,1,replayed_pf_result
38,9,1,4,0.985774001417975,0,0,1,replayed_pf_result
38,9,1,5,0.993236939890657,0,0,1,replayed_pf_result
38,9,1,6,0.997313831101014,0,0,1,replayed_pf_result
38,9,1,7,0.984809063729773,0,0,1,replayed_pf_result
38,9,1,8,0.983135533507963,0,0,1,replayed_pf_result
38,9,1,9,1.01307557279584,0,0,1,replayed_pf_result
38,9,1,10,1.01127091476611,0,0,1,replayed_pf_result
38,9,1,11,1.00533235613478,0,0,1,replayed_pf_result
38,9,1,12,0.991739119362111,0,0,1,replayed_pf_result
38,9,1,13,1.00528995829104,0,0,1,replayed_pf_result
38,9,1,14,0.995494342986713,0,0,1,replayed_pf_result
38,9,1,15,0.987455383349868,0,0,1,replayed_pf_result
38,9,1,16,0.9991397013937,0,0,1,replayed_pf_result
38,9,1,17,1.00166140211548,0,0,1,replayed_pf_result
38,9,1,18,0.999793178783602,0,0,1,replayed_pf_result
38,9,1,19,1.0366598313301,0,0,1,replayed_pf_result
38,9,1,20,0.978053068144689,0,0,1,replayed_pf_result
38,9,1,21,0.983851705121823,0,0,1,replayed_pf_result
38,9,1,22,0.995589738534042,0,0,1,replayed_pf_result
38,9,1,23,0.988486779508075,0,0,1,replayed_pf_result
38,9,1,24,1.00366860595713,0,0,1,replayed_pf_result
38,9,1,25,1.02145780250079,0,0,1,replayed_pf_result
38,9,1,26,1.02064432101476,0,0,1,replayed_pf_result
38,9,1,27,1.00595838384592,0,0,1,replayed_pf_result
38,9,1,28,1.02220684808174,0,0,1,replayed_pf_result
38,9,1,29,1.02275840035652,0,0,1,replayed_pf_result
38,9,1,30,1,0,0,1,replayed_pf_result
38,9,1,31,1,0,0,1,replayed_pf_result
38,9,1,32,1,0,0,1,replayed_pf_result
38,9,1,33,1,0,0,1,replayed_pf_result
38,9,1,34,1,0,0,1,replayed_pf_result
38,9,1,35,1,0,0,1,replayed_pf_result
38,9,1,36,1,0,0,1,replayed_pf_result
38,9,1,37,1,0,0,1,replayed_pf_result
38,9,1,38,1,0,0,1,replayed_pf_result
38,9,1,39,1,0,0,1,replayed_pf_result
38,10,1,1,1.00358592745914,0,0,1,replayed_pf_result
38,10,1,2,1.01185872867129,0,0,1,replayed_pf_result
38,10,1,3,1.0003648926058,0,0,1,replayed_pf_result
38,10,1,4,0.985774001417975,0,0,1,replayed_pf_result
38,10,1,5,0.993236939890657,0,0,1,replayed_pf_result
38,10,1,6,0.997313831101014,0,0,1,replayed_pf_result
38,10,1,7,0.984809063729773,0,0,1,replayed_pf_result
38,10,1,8,0.983135533507963,0,0,1,replayed_pf_result
38,10,1,9,1.01307557279584,0,0,1,replayed_pf_result
38,10,1,10,1.01127091476611,0,0,1,replayed_pf_result
38,10,1,11,1.00533235613478,0,0,1,replayed_pf_result
38,10,1,12,0.991739119362111,0,0,1,replayed_pf_result
38,10,1,13,1.00528995829104,0,0,1,replayed_pf_result
38,10,1,14,0.995494342986713,0,0,1,replayed_pf_result
38,10,1,15,0.987455383349868,0,0,1,replayed_pf_result
38,10,1,16,0.9991397013937,0,0,1,replayed_pf_result
38,10,1,17,1.00166140211548,0,0,1,replayed_pf_result
38,10,1,18,0.999793178783602,0,0,1,replayed_pf_result
38,10,1,19,1.0366598313301,0,0,1,replayed_pf_result
38,10,1,20,0.978053068144689,0,0,1,replayed_pf_result
38,10,1,21,0.983851705121823,0,0,1,replayed_pf_result
38,10,1,22,0.995589738534042,0,0,1,replayed_pf_result
38,10,1,23,0.988486779508075,0,0,1,replayed_pf_result
38,10,1,24,1.00366860595713,0,0,1,replayed_pf_result
38,10,1,25,1.02145780250079,0,0,1,replayed_pf_result
38,10,1,26,1.02064432101476,0,0,1,replayed_pf_result
38,10,1,27,1.00595838384592,0,0,1,replayed_pf_result
38,10,1,28,1.02220684808174,0,0,1,replayed_pf_result
38,10,1,29,1.02275840035652,0,0,1,replayed_pf_result
38,10,1,30,1,0,0,1,replayed_pf_result
38,10,1,31,1,0,0,1,replayed_pf_result
38,10,1,32,1,0,0,1,replayed_pf_result
38,10,1,33,1,0,0,1,replayed_pf_result
38,10,1,34,1,0,0,1,replayed_pf_result
38,10,1,35,1,0,0,1,replayed_pf_result
38,10,1,36,1,0,0,1,replayed_pf_result
38,10,1,37,1,0,0,1,replayed_pf_result
38,10,1,38,1,0,0,1,replayed_pf_result
38,10,1,39,1,0,0,1,replayed_pf_result
38,10,2,1,1.00479005965806,0,0,1,replayed_pf_result
38,10,2,2,1.00998836608555,0,0,1,replayed_pf_result
38,10,2,3,0.991964611953573,0,0,1,replayed_pf_result
38,10,2,4,0.96366427939291,0,0,1,replayed_pf_result
38,10,2,5,0.964464552304936,0,0,1,replayed_pf_result
38,10,2,6,0.967904705509737,0,0,1,replayed_pf_result
38,10,2,7,0.956151574186221,0,0,1,replayed_pf_result
38,10,2,8,0.95521624967876,0,0,1,replayed_pf_result
38,10,2,9,1.00008403659385,0,0,1,replayed_pf_result
38,10,2,10,0.991131693387365,0,0,1,replayed_pf_result
38,10,2,11,0.982159754618789,0,0,1,replayed_pf_result
38,10,2,12,0.969135771873328,0,0,1,replayed_pf_result
38,10,2,13,0.984579444104635,0,0,1,replayed_pf_result
38,10,2,14,0.97566913543245,0,0,1,replayed_pf_result
38,10,2,15,0.980702663474483,0,0,1,replayed_pf_result
38,10,2,16,0.999799361663716,0,0,1,replayed_pf_result
38,10,2,17,0.999337170475602,0,0,1,replayed_pf_result
38,10,2,18,0.995000083025198,0,0,1,replayed_pf_result
38,10,2,19,1.03690238739285,0,0,1,replayed_pf_result
38,10,2,20,0.978185496834714,0,0,1,replayed_pf_result
38,10,2,21,1.0323192,0,0,1,replayed_pf_result
38,10,2,22,1.0501427,0,0,1,replayed_pf_result
38,10,2,23,1.0451451,0,0,1,replayed_pf_result
38,10,2,24,1.00432578918876,0,0,1,replayed_pf_result
38,10,2,25,1.01705525436003,0,0,1,replayed_pf_result
38,10,2,26,1.01708586694331,0,0,1,replayed_pf_result
38,10,2,27,1.00269381040952,0,0,1,replayed_pf_result
38,10,2,28,1.02037105915616,0,0,1,replayed_pf_result
38,10,2,29,1.0215002667082,0,0,1,replayed_pf_result
38,10,2,30,1,0,0,1,replayed_pf_result
38,10,2,31,1,0,0,1,replayed_pf_result
38,10,2,32,1,0,0,1,replayed_pf_result
38,10,2,33,1,0,0,1,replayed_pf_result
38,10,2,34,1,0,0,1,replayed_pf_result
38,10,2,35,1.0494,0,0,1,replayed_pf_result
38,10,2,36,1.0636,0,0,1,replayed_pf_result
38,10,2,37,1,0,0,1,replayed_pf_result
38,10,2,38,1,0,0,1,replayed_pf_result
38,10,2,39,1,0,0,1,replayed_pf_result
38,10,3,1,1.00520109965176,0,0,1,replayed_pf_result
38,10,3,2,1.00571197575315,0,0,1,replayed_pf_result
38,10,3,3,0.981020850881861,0,0,1,replayed_pf_result
38,10,3,4,0.943589253841474,0,0,1,replayed_pf_result
38,10,3,5,0.951927785410011,0,0,1,replayed_pf_result
38,10,3,6,0.954752018410225,0,0,1,replayed_pf_result
38,10,3,7,0.942479061188982,0,0,1,replayed_pf_result
38,10,3,8,0.941404652824424,0,0,1,replayed_pf_result
38,10,3,9,0.99077392320703,0,0,1,replayed_pf_result
38,10,3,10,0.972865090351181,0,0,1,replayed_pf_result
38,10,3,11,0.964997160357021,0,0,1,replayed_pf_result
38,10,3,12,0.948616197227367,0,0,1,replayed_pf_result
38,10,3,13,0.962707373731576,0,0,1,replayed_pf_result
38,10,3,14,0.951527630509841,0,0,1,replayed_pf_result
38,10,3,15,0.964729369371474,0,0,1,replayed_pf_result
38,10,3,16,0.98829469092188,0,0,1,replayed_pf_result
38,10,3,17,0.988922353124807,0,0,1,replayed_pf_result
38,10,3,18,0.984419207708256,0,0,1,replayed_pf_result
38,10,3,19,1.03267196908269,0,0,1,replayed_pf_result
38,10,3,20,0.975875718509448,0,0,1,replayed_pf_result
38,10,3,21,1.0323192,0,0,1,replayed_pf_result
38,10,3,22,1.0501427,0,0,1,replayed_pf_result
38,10,3,23,1.0451451,0,0,1,replayed_pf_result
38,10,3,24,0.992864747410026,0,0,1,replayed_pf_result
38,10,3,25,1.01311240991202,0,0,1,replayed_pf_result
38,10,3,26,1.01133747252712,0,0,1,replayed_pf_result
38,10,3,27,0.994675705806663,0,0,1,replayed_pf_result
38,10,3,28,1.01740528159955,0,0,1,replayed_pf_result
38,10,3,29,1.01946770619919,0,0,1,replayed_pf_result
38,10,3,30,1,0,0,1,replayed_pf_result
38,10,3,31,1,0,0,1,replayed_pf_result
38,10,3,32,1,0,0,1,replayed_pf_result
38,10,3,33,1,0,0,1,replayed_pf_result
38,10,3,34,1,0,0,1,replayed_pf_result
38,10,3,35,1.0494,0,0,1,replayed_pf_result
38,10,3,36,1.0636,0,0,1,replayed_pf_result
38,10,3,37,1,0,0,1,replayed_pf_result
38,10,3,38,1,0,0,1,replayed_pf_result
38,10,3,39,1,0,0,1,replayed_pf_result
38,10,4,1,0.993739380975374,0,0,1,replayed_after_load_shedding
38,10,4,2,0.993173137068592,0,0,1,replayed_after_load_shedding
38,10,4,3,0.963080055184555,0,0,1,replayed_after_load_shedding
38,10,4,4,0.918093021580587,0,0,1,replayed_after_load_shedding
38,10,4,5,0.898095674295418,0.0019043257045821,0.110932912910256,1,replayed_after_load_shedding
38,10,4,6,0.902466519019546,0,0,1,replayed_after_load_shedding
38,10,4,7,0.88605206249704,0.0139479375029595,0.817424917273684,1,replayed_after_load_shedding
38,10,4,8,0.883115717679005,0.0168842823209949,0.9909682542835,1,replayed_after_load_shedding
38,10,4,9,0.94236236380793,0,0,1,replayed_after_load_shedding
38,10,4,10,1.0178431,0,0,1,replayed_after_load_shedding
38,10,4,11,1.0133858,0,0,1,replayed_after_load_shedding
38,10,4,12,1.000815,0,0,1,replayed_after_load_shedding
38,10,4,13,1.014923,0,0,1,replayed_after_load_shedding
38,10,4,14,0.990119486252246,0,0,1,replayed_after_load_shedding
38,10,4,15,0.986187676690691,0,0,1,replayed_after_load_shedding
38,10,4,16,0.997190671471724,0,0,1,replayed_after_load_shedding
38,10,4,17,0.988812604856527,0,0,1,replayed_after_load_shedding
38,10,4,18,0.977770096059934,0,0,1,replayed_after_load_shedding
38,10,4,19,1.03649179021659,0,0,1,replayed_after_load_shedding
38,10,4,20,0.979755135830626,0,0,1,replayed_after_load_shedding
38,10,4,21,1.0323192,0,0,1,replayed_after_load_shedding
38,10,4,22,1.0501427,0,0,1,replayed_after_load_shedding
38,10,4,23,1.0451451,0,0,1,replayed_after_load_shedding
38,10,4,24,1.0011005061282,0,0,1,replayed_after_load_shedding
38,10,4,25,1.0037074488316,0,0,1,replayed_after_load_shedding
38,10,4,26,1.00652064715702,0,0,1,replayed_after_load_shedding
38,10,4,27,0.991994375048471,0,0,1,replayed_after_load_shedding
38,10,4,28,1.01614373082374,0,0,1,replayed_after_load_shedding
38,10,4,29,1.01865831199379,0,0,1,replayed_after_load_shedding
38,10,4,30,1,0,0,1,replayed_after_load_shedding
38,10,4,31,1,0,0,1,replayed_after_load_shedding
38,10,4,32,0.9841,0,0,1,replayed_after_load_shedding
38,10,4,33,1,0,0,1,replayed_after_load_shedding
38,10,4,34,1,0,0,1,replayed_after_load_shedding
38,10,4,35,1.0494,0,0,1,replayed_after_load_shedding
38,10,4,36,1.0636,0,0,1,replayed_after_load_shedding
38,10,4,37,1,0,0,1,replayed_after_load_shedding
38,10,4,38,1,0,0,1,replayed_after_load_shedding
38,10,4,39,1,0,0,1,replayed_after_load_shedding
38,10,5,1,1.00993360199223,0,0,1,replayed_after_load_shedding
38,10,5,2,1.01556644904818,0,0,1,replayed_after_load_shedding
38,10,5,3,0.832547408400603,0.067452591599397,4.06100679777246,1,replayed_after_load_shedding
38,10,5,4,0.790247156336831,0.109752843663169,6.75105837881884,1,replayed_after_load_shedding
38,10,5,5,1.02924751373222,0,0,1,replayed_after_load_shedding
38,10,5,6,1.03087596015063,0,0,1,replayed_after_load_shedding
38,10,5,7,1.02281913087427,0,0,1,replayed_after_load_shedding
38,10,5,8,1.0214113343048,0,0,1,replayed_after_load_shedding
38,10,5,9,1.02689502237464,0,0,1,replayed_after_load_shedding
38,10,5,10,1.0178431,0,0,1,replayed_after_load_shedding
38,10,5,11,1.0133858,0,0,1,replayed_after_load_shedding
38,10,5,12,1.000815,0,0,1,replayed_after_load_shedding
38,10,5,13,1.014923,0,0,1,replayed_after_load_shedding
38,10,5,14,0.920355331966911,0,0,1,replayed_after_load_shedding
38,10,5,15,0.916700559038492,0,0,1,replayed_after_load_shedding
38,10,5,16,0.925862064458183,0,0,1,replayed_after_load_shedding
38,10,5,17,0.896671187472823,0.00332881252717721,0.194051937304467,1,replayed_after_load_shedding
38,10,5,18,0.86820981488188,0.0317901851181199,1.87983658774833,1,replayed_after_load_shedding
38,10,5,19,1.01043129151764,0,0,1,replayed_after_load_shedding
38,10,5,20,0.967472010699603,0,0,1,replayed_after_load_shedding
38,10,5,21,1.0323192,0,0,1,replayed_after_load_shedding
38,10,5,22,1.0501427,0,0,1,replayed_after_load_shedding
38,10,5,23,1.0451451,0,0,1,replayed_after_load_shedding
38,10,5,24,0.92925274003533,0,0,1,replayed_after_load_shedding
38,10,5,25,0.99281021637396,0,0,1,replayed_after_load_shedding
38,10,5,26,0.945522828479604,0,0,1,replayed_after_load_shedding
38,10,5,27,0.907904705184946,0,0,1,replayed_after_load_shedding
38,10,5,28,0.985801714367347,0,0,1,replayed_after_load_shedding
38,10,5,29,0.997911155319824,0,0,1,replayed_after_load_shedding
38,10,5,30,1,0,0,1,replayed_after_load_shedding
38,10,5,31,1,0,0,1,replayed_after_load_shedding
38,10,5,32,0.9841,0,0,1,replayed_after_load_shedding
38,10,5,33,1,0,0,1,replayed_after_load_shedding
38,10,5,34,1,0,0,1,replayed_after_load_shedding
38,10,5,35,1.0494,0,0,1,replayed_after_load_shedding
38,10,5,36,1.0636,0,0,1,replayed_after_load_shedding
38,10,5,37,1,0,0,1,replayed_after_load_shedding
38,10,5,38,1,0,0,1,replayed_after_load_shedding
38,10,5,39,1,0,0,1,replayed_after_load_shedding
38,11,1,1,1.00358592745914,0,0,1,replayed_pf_result
38,11,1,2,1.01185872867129,0,0,1,replayed_pf_result
38,11,1,3,1.0003648926058,0,0,1,replayed_pf_result
38,11,1,4,0.985774001417975,0,0,1,replayed_pf_result
38,11,1,5,0.993236939890657,0,0,1,replayed_pf_result
38,11,1,6,0.997313831101014,0,0,1,replayed_pf_result
38,11,1,7,0.984809063729773,0,0,1,replayed_pf_result
38,11,1,8,0.983135533507963,0,0,1,replayed_pf_result
38,11,1,9,1.01307557279584,0,0,1,replayed_pf_result
38,11,1,10,1.01127091476611,0,0,1,replayed_pf_result
38,11,1,11,1.00533235613478,0,0,1,replayed_pf_result
38,11,1,12,0.991739119362111,0,0,1,replayed_pf_result
38,11,1,13,1.00528995829104,0,0,1,replayed_pf_result
38,11,1,14,0.995494342986713,0,0,1,replayed_pf_result
38,11,1,15,0.987455383349868,0,0,1,replayed_pf_result
38,11,1,16,0.9991397013937,0,0,1,replayed_pf_result
38,11,1,17,1.00166140211548,0,0,1,replayed_pf_result
38,11,1,18,0.999793178783602,0,0,1,replayed_pf_result
38,11,1,19,1.0366598313301,0,0,1,replayed_pf_result
38,11,1,20,0.978053068144689,0,0,1,replayed_pf_result
38,11,1,21,0.983851705121823,0,0,1,replayed_pf_result
38,11,1,22,0.995589738534042,0,0,1,replayed_pf_result
38,11,1,23,0.988486779508075,0,0,1,replayed_pf_result
38,11,1,24,1.00366860595713,0,0,1,replayed_pf_result
38,11,1,25,1.02145780250079,0,0,1,replayed_pf_result
38,11,1,26,1.02064432101476,0,0,1,replayed_pf_result
38,11,1,27,1.00595838384592,0,0,1,replayed_pf_result
38,11,1,28,1.02220684808174,0,0,1,replayed_pf_result
38,11,1,29,1.02275840035652,0,0,1,replayed_pf_result
38,11,1,30,1,0,0,1,replayed_pf_result
38,11,1,31,1,0,0,1,replayed_pf_result
38,11,1,32,1,0,0,1,replayed_pf_result
38,11,1,33,1,0,0,1,replayed_pf_result
38,11,1,34,1,0,0,1,replayed_pf_result
38,11,1,35,1,0,0,1,replayed_pf_result
38,11,1,36,1,0,0,1,replayed_pf_result
38,11,1,37,1,0,0,1,replayed_pf_result
38,11,1,38,1,0,0,1,replayed_pf_result
38,11,1,39,1,0,0,1,replayed_pf_result
38,12,1,1,1.00358592745914,0,0,1,replayed_pf_result
38,12,1,2,1.01185872867129,0,0,1,replayed_pf_result
38,12,1,3,1.0003648926058,0,0,1,replayed_pf_result
38,12,1,4,0.985774001417975,0,0,1,replayed_pf_result
38,12,1,5,0.993236939890657,0,0,1,replayed_pf_result
38,12,1,6,0.997313831101014,0,0,1,replayed_pf_result
38,12,1,7,0.984809063729773,0,0,1,replayed_pf_result
38,12,1,8,0.983135533507963,0,0,1,replayed_pf_result
38,12,1,9,1.01307557279584,0,0,1,replayed_pf_result
38,12,1,10,1.01127091476611,0,0,1,replayed_pf_result
38,12,1,11,1.00533235613478,0,0,1,replayed_pf_result
38,12,1,12,0.991739119362111,0,0,1,replayed_pf_result
38,12,1,13,1.00528995829104,0,0,1,replayed_pf_result
38,12,1,14,0.995494342986713,0,0,1,replayed_pf_result
38,12,1,15,0.987455383349868,0,0,1,replayed_pf_result
38,12,1,16,0.9991397013937,0,0,1,replayed_pf_result
38,12,1,17,1.00166140211548,0,0,1,replayed_pf_result
38,12,1,18,0.999793178783602,0,0,1,replayed_pf_result
38,12,1,19,1.0366598313301,0,0,1,replayed_pf_result
38,12,1,20,0.978053068144689,0,0,1,replayed_pf_result
38,12,1,21,0.983851705121823,0,0,1,replayed_pf_result
38,12,1,22,0.995589738534042,0,0,1,replayed_pf_result
38,12,1,23,0.988486779508075,0,0,1,replayed_pf_result
38,12,1,24,1.00366860595713,0,0,1,replayed_pf_result
38,12,1,25,1.02145780250079,0,0,1,replayed_pf_result
38,12,1,26,1.02064432101476,0,0,1,replayed_pf_result
38,12,1,27,1.00595838384592,0,0,1,replayed_pf_result
38,12,1,28,1.02220684808174,0,0,1,replayed_pf_result
38,12,1,29,1.02275840035652,0,0,1,replayed_pf_result
38,12,1,30,1,0,0,1,replayed_pf_result
38,12,1,31,1,0,0,1,replayed_pf_result
38,12,1,32,1,0,0,1,replayed_pf_result
38,12,1,33,1,0,0,1,replayed_pf_result
38,12,1,34,1,0,0,1,replayed_pf_result
38,12,1,35,1,0,0,1,replayed_pf_result
38,12,1,36,1,0,0,1,replayed_pf_result
38,12,1,37,1,0,0,1,replayed_pf_result
38,12,1,38,1,0,0,1,replayed_pf_result
38,12,1,39,1,0,0,1,replayed_pf_result
38,12,2,1,1.00479005965806,0,0,1,replayed_pf_result
38,12,2,2,1.00998836608555,0,0,1,replayed_pf_result
38,12,2,3,0.991964611953573,0,0,1,replayed_pf_result
38,12,2,4,0.96366427939291,0,0,1,replayed_pf_result
38,12,2,5,0.964464552304936,0,0,1,replayed_pf_result
38,12,2,6,0.967904705509737,0,0,1,replayed_pf_result
38,12,2,7,0.956151574186221,0,0,1,replayed_pf_result
38,12,2,8,0.95521624967876,0,0,1,replayed_pf_result
38,12,2,9,1.00008403659385,0,0,1,replayed_pf_result
38,12,2,10,0.991131693387365,0,0,1,replayed_pf_result
38,12,2,11,0.982159754618789,0,0,1,replayed_pf_result
38,12,2,12,0.969135771873328,0,0,1,replayed_pf_result
38,12,2,13,0.984579444104635,0,0,1,replayed_pf_result
38,12,2,14,0.97566913543245,0,0,1,replayed_pf_result
38,12,2,15,0.980702663474483,0,0,1,replayed_pf_result
38,12,2,16,0.999799361663716,0,0,1,replayed_pf_result
38,12,2,17,0.999337170475602,0,0,1,replayed_pf_result
38,12,2,18,0.995000083025198,0,0,1,replayed_pf_result
38,12,2,19,1.03690238739285,0,0,1,replayed_pf_result
38,12,2,20,0.978185496834714,0,0,1,replayed_pf_result
38,12,2,21,1.0323192,0,0,1,replayed_pf_result
38,12,2,22,1.0501427,0,0,1,replayed_pf_result
38,12,2,23,1.0451451,0,0,1,replayed_pf_result
38,12,2,24,1.00432578918876,0,0,1,replayed_pf_result
38,12,2,25,1.01705525436003,0,0,1,replayed_pf_result
38,12,2,26,1.01708586694331,0,0,1,replayed_pf_result
38,12,2,27,1.00269381040952,0,0,1,replayed_pf_result
38,12,2,28,1.02037105915616,0,0,1,replayed_pf_result
38,12,2,29,1.0215002667082,0,0,1,replayed_pf_result
38,12,2,30,1,0,0,1,replayed_pf_result
38,12,2,31,1,0,0,1,replayed_pf_result
38,12,2,32,1,0,0,1,replayed_pf_result
38,12,2,33,1,0,0,1,replayed_pf_result
38,12,2,34,1,0,0,1,replayed_pf_result
38,12,2,35,1.0494,0,0,1,replayed_pf_result
38,12,2,36,1.0636,0,0,1,replayed_pf_result
38,12,2,37,1,0,0,1,replayed_pf_result
38,12,2,38,1,0,0,1,replayed_pf_result
38,12,2,39,1,0,0,1,replayed_pf_result
38,12,3,1,1.00520109965176,0,0,1,replayed_pf_result
38,12,3,2,1.00571197575315,0,0,1,replayed_pf_result
38,12,3,3,0.981020850881861,0,0,1,replayed_pf_result
38,12,3,4,0.943589253841474,0,0,1,replayed_pf_result
38,12,3,5,0.951927785410011,0,0,1,replayed_pf_result
38,12,3,6,0.954752018410225,0,0,1,replayed_pf_result
38,12,3,7,0.942479061188982,0,0,1,replayed_pf_result
38,12,3,8,0.941404652824424,0,0,1,replayed_pf_result
38,12,3,9,0.99077392320703,0,0,1,replayed_pf_result
38,12,3,10,0.972865090351181,0,0,1,replayed_pf_result
38,12,3,11,0.964997160357021,0,0,1,replayed_pf_result
38,12,3,12,0.948616197227367,0,0,1,replayed_pf_result
38,12,3,13,0.962707373731576,0,0,1,replayed_pf_result
38,12,3,14,0.951527630509841,0,0,1,replayed_pf_result
38,12,3,15,0.964729369371474,0,0,1,replayed_pf_result
38,12,3,16,0.98829469092188,0,0,1,replayed_pf_result
38,12,3,17,0.988922353124807,0,0,1,replayed_pf_result
38,12,3,18,0.984419207708256,0,0,1,replayed_pf_result
38,12,3,19,1.03267196908269,0,0,1,replayed_pf_result
38,12,3,20,0.975875718509448,0,0,1,replayed_pf_result
38,12,3,21,1.0323192,0,0,1,replayed_pf_result
38,12,3,22,1.0501427,0,0,1,replayed_pf_result
38,12,3,23,1.0451451,0,0,1,replayed_pf_result
38,12,3,24,0.992864747410026,0,0,1,replayed_pf_result
38,12,3,25,1.01311240991202,0,0,1,replayed_pf_result
38,12,3,26,1.01133747252712,0,0,1,replayed_pf_result
38,12,3,27,0.994675705806663,0,0,1,replayed_pf_result
38,12,3,28,1.01740528159955,0,0,1,replayed_pf_result
38,12,3,29,1.01946770619919,0,0,1,replayed_pf_result
38,12,3,30,1,0,0,1,replayed_pf_result
38,12,3,31,1,0,0,1,replayed_pf_result
38,12,3,32,1,0,0,1,replayed_pf_result
38,12,3,33,1,0,0,1,replayed_pf_result
38,12,3,34,1,0,0,1,replayed_pf_result
38,12,3,35,1.0494,0,0,1,replayed_pf_result
38,12,3,36,1.0636,0,0,1,replayed_pf_result
38,12,3,37,1,0,0,1,replayed_pf_result
38,12,3,38,1,0,0,1,replayed_pf_result
38,12,3,39,1,0,0,1,replayed_pf_result
38,12,4,1,0.975759113363065,0,0,1,replayed_after_load_shedding
38,12,4,2,0.979137895576612,0,0,1,replayed_after_load_shedding
38,12,4,3,0.94292798509708,0,0,1,replayed_after_load_shedding
38,12,4,4,0.893121283500545,0.0068787164994546,0.401705302081151,1,replayed_after_load_shedding
38,12,4,5,0.921503118876697,0,0,1,replayed_after_load_shedding
38,12,4,6,0.92982326121125,0,0,1,replayed_after_load_shedding
38,12,4,7,0.900208444339842,0,0,1,replayed_after_load_shedding
38,12,4,8,0.891523774418067,0.00847622558193351,0.495393151121524,1,replayed_after_load_shedding
38,12,4,9,0.915453286783216,0,0,1,replayed_after_load_shedding
38,12,4,10,0.974680460950693,0,0,1,replayed_after_load_shedding
38,12,4,11,0.956269490305407,0,0,1,replayed_after_load_shedding
38,12,4,12,0.924141196133173,0,0,1,replayed_after_load_shedding
38,12,4,13,0.91862941961548,0,0,1,replayed_after_load_shedding
38,12,4,14,0.975655401233542,0,0,1,replayed_after_load_shedding
38,12,4,15,0.971781029212169,0,0,1,replayed_after_load_shedding
38,12,4,16,0.984006932209872,0,0,1,replayed_after_load_shedding
38,12,4,17,0.973094948898379,0,0,1,replayed_after_load_shedding
38,12,4,18,0.959998351709051,0,0,1,replayed_after_load_shedding
38,12,4,19,1.0314928389404,0,0,1,replayed_after_load_shedding
38,12,4,20,0.976446825380457,0,0,1,replayed_after_load_shedding
38,12,4,21,1.0323192,0,0,1,replayed_after_load_shedding
38,12,4,22,1.0501427,0,0,1,replayed_after_load_shedding
38,12,4,23,1.0451451,0,0,1,replayed_after_load_shedding
38,12,4,24,0.988172196304916,0,0,1,replayed_after_load_shedding
38,12,4,25,0.989367251921877,0,0,1,replayed_after_load_shedding
38,12,4,26,0.992929206759118,0,0,1,replayed_after_load_shedding
38,12,4,27,0.976572433128231,0,0,1,replayed_after_load_shedding
38,12,4,28,1.00874587540478,0,0,1,replayed_after_load_shedding
38,12,4,29,1.01356975068611,0,0,1,replayed_after_load_shedding
38,12,4,30,1,0,0,1,replayed_after_load_shedding
38,12,4,31,1,0,0,1,replayed_after_load_shedding
38,12,4,32,1,0,0,1,replayed_after_load_shedding
38,12,4,33,1,0,0,1,replayed_after_load_shedding
38,12,4,34,1,0,0,1,replayed_after_load_shedding
38,12,4,35,1.0494,0,0,1,replayed_after_load_shedding
38,12,4,36,1.0636,0,0,1,replayed_after_load_shedding
38,12,4,37,1,0,0,1,replayed_after_load_shedding
38,12,4,38,1,0,0,1,replayed_after_load_shedding
38,12,4,39,1,0,0,1,replayed_after_load_shedding
38,12,5,1,1.0393836,0,0,1,replayed_after_load_shedding
38,12,5,2,1.01392344921599,0,0,1,replayed_after_load_shedding
38,12,5,3,0.840207250438333,0.0597927495616668,3.58593696551682,1,replayed_after_load_shedding
38,12,5,4,0.798853147037154,0.101146852962846,6.19450848705645,1,replayed_after_load_shedding
38,12,5,5,1.0060063,0,0,1,replayed_after_load_shedding
38,12,5,6,1.0082256,0,0,1,replayed_after_load_shedding
38,12,5,7,0.99839728,0,0,1,replayed_after_load_shedding
38,12,5,8,0.99787232,0,0,1,replayed_after_load_shedding
38,12,5,9,1.038332,0,0,1,replayed_after_load_shedding
38,12,5,10,1.0178431,0,0,1,replayed_after_load_shedding
38,12,5,11,1.0133858,0,0,1,replayed_after_load_shedding
38,12,5,12,1.000815,0,0,1,replayed_after_load_shedding
38,12,5,13,1.014923,0,0,1,replayed_after_load_shedding
38,12,5,14,0.925242516880627,0,0,1,replayed_after_load_shedding
38,12,5,15,0.921568336718394,0,0,1,replayed_after_load_shedding
38,12,5,16,0.930540421977362,0,0,1,replayed_after_load_shedding
38,12,5,17,0.902508678535863,0,0,1,replayed_after_load_shedding
38,12,5,18,0.874884822885206,0.0251151771147938,1.48015417154421,1,replayed_after_load_shedding
38,12,5,19,1.01215799034355,0,0,1,replayed_after_load_shedding
38,12,5,20,0.968464075651351,0,0,1,replayed_after_load_shedding
38,12,5,21,1.0323192,0,0,1,replayed_after_load_shedding
38,12,5,22,1.0501427,0,0,1,replayed_after_load_shedding
38,12,5,23,1.0451451,0,0,1,replayed_after_load_shedding
38,12,5,24,0.933894343149083,0,0,1,replayed_after_load_shedding
38,12,5,25,0.993586427655591,0,0,1,replayed_after_load_shedding
38,12,5,26,0.949686151298144,0,0,1,replayed_after_load_shedding
38,12,5,27,0.913507346780983,0,0,1,replayed_after_load_shedding
38,12,5,28,0.987981950147379,0,0,1,replayed_after_load_shedding
38,12,5,29,0.999407527258134,0,0,1,replayed_after_load_shedding
38,12,5,30,1,0,0,1,replayed_after_load_shedding
38,12,5,31,0.982,0,0,1,replayed_after_load_shedding
38,12,5,32,0.9841,0,0,1,replayed_after_load_shedding
38,12,5,33,1,0,0,1,replayed_after_load_shedding
38,12,5,34,1,0,0,1,replayed_after_load_shedding
38,12,5,35,1.0494,0,0,1,replayed_after_load_shedding
38,12,5,36,1.0636,0,0,1,replayed_after_load_shedding
38,12,5,37,1,0,0,1,replayed_after_load_shedding
38,12,5,38,1,0,0,1,replayed_after_load_shedding
38,12,5,39,1.03,0,0,1,replayed_after_load_shedding
38,13,1,1,1.00358592745914,0,0,1,replayed_pf_result
38,13,1,2,1.01185872867129,0,0,1,replayed_pf_result
38,13,1,3,1.0003648926058,0,0,1,replayed_pf_result
38,13,1,4,0.985774001417975,0,0,1,replayed_pf_result
38,13,1,5,0.993236939890657,0,0,1,replayed_pf_result
38,13,1,6,0.997313831101014,0,0,1,replayed_pf_result
38,13,1,7,0.984809063729773,0,0,1,replayed_pf_result
38,13,1,8,0.983135533507963,0,0,1,replayed_pf_result
38,13,1,9,1.01307557279584,0,0,1,replayed_pf_result
38,13,1,10,1.01127091476611,0,0,1,replayed_pf_result
38,13,1,11,1.00533235613478,0,0,1,replayed_pf_result
38,13,1,12,0.991739119362111,0,0,1,replayed_pf_result
38,13,1,13,1.00528995829104,0,0,1,replayed_pf_result
38,13,1,14,0.995494342986713,0,0,1,replayed_pf_result
38,13,1,15,0.987455383349868,0,0,1,replayed_pf_result
38,13,1,16,0.9991397013937,0,0,1,replayed_pf_result
38,13,1,17,1.00166140211548,0,0,1,replayed_pf_result
38,13,1,18,0.999793178783602,0,0,1,replayed_pf_result
38,13,1,19,1.0366598313301,0,0,1,replayed_pf_result
38,13,1,20,0.978053068144689,0,0,1,replayed_pf_result
38,13,1,21,0.983851705121823,0,0,1,replayed_pf_result
38,13,1,22,0.995589738534042,0,0,1,replayed_pf_result
38,13,1,23,0.988486779508075,0,0,1,replayed_pf_result
38,13,1,24,1.00366860595713,0,0,1,replayed_pf_result
38,13,1,25,1.02145780250079,0,0,1,replayed_pf_result
38,13,1,26,1.02064432101476,0,0,1,replayed_pf_result
38,13,1,27,1.00595838384592,0,0,1,replayed_pf_result
38,13,1,28,1.02220684808174,0,0,1,replayed_pf_result
38,13,1,29,1.02275840035652,0,0,1,replayed_pf_result
38,13,1,30,1,0,0,1,replayed_pf_result
38,13,1,31,1,0,0,1,replayed_pf_result
38,13,1,32,1,0,0,1,replayed_pf_result
38,13,1,33,1,0,0,1,replayed_pf_result
38,13,1,34,1,0,0,1,replayed_pf_result
38,13,1,35,1,0,0,1,replayed_pf_result
38,13,1,36,1,0,0,1,replayed_pf_result
38,13,1,37,1,0,0,1,replayed_pf_result
38,13,1,38,1,0,0,1,replayed_pf_result
38,13,1,39,1,0,0,1,replayed_pf_result
38,14,1,1,1.00358592745914,0,0,1,replayed_pf_result
38,14,1,2,1.01185872867129,0,0,1,replayed_pf_result
38,14,1,3,1.0003648926058,0,0,1,replayed_pf_result
38,14,1,4,0.985774001417975,0,0,1,replayed_pf_result
38,14,1,5,0.993236939890657,0,0,1,replayed_pf_result
38,14,1,6,0.997313831101014,0,0,1,replayed_pf_result
38,14,1,7,0.984809063729773,0,0,1,replayed_pf_result
38,14,1,8,0.983135533507963,0,0,1,replayed_pf_result
38,14,1,9,1.01307557279584,0,0,1,replayed_pf_result
38,14,1,10,1.01127091476611,0,0,1,replayed_pf_result
38,14,1,11,1.00533235613478,0,0,1,replayed_pf_result
38,14,1,12,0.991739119362111,0,0,1,replayed_pf_result
38,14,1,13,1.00528995829104,0,0,1,replayed_pf_result
38,14,1,14,0.995494342986713,0,0,1,replayed_pf_result
38,14,1,15,0.987455383349868,0,0,1,replayed_pf_result
38,14,1,16,0.9991397013937,0,0,1,replayed_pf_result
38,14,1,17,1.00166140211548,0,0,1,replayed_pf_result
38,14,1,18,0.999793178783602,0,0,1,replayed_pf_result
38,14,1,19,1.0366598313301,0,0,1,replayed_pf_result
38,14,1,20,0.978053068144689,0,0,1,replayed_pf_result
38,14,1,21,0.983851705121823,0,0,1,replayed_pf_result
38,14,1,22,0.995589738534042,0,0,1,replayed_pf_result
38,14,1,23,0.988486779508075,0,0,1,replayed_pf_result
38,14,1,24,1.00366860595713,0,0,1,replayed_pf_result
38,14,1,25,1.02145780250079,0,0,1,replayed_pf_result
38,14,1,26,1.02064432101476,0,0,1,replayed_pf_result
38,14,1,27,1.00595838384592,0,0,1,replayed_pf_result
38,14,1,28,1.02220684808174,0,0,1,replayed_pf_result
38,14,1,29,1.02275840035652,0,0,1,replayed_pf_result
38,14,1,30,1,0,0,1,replayed_pf_result
38,14,1,31,1,0,0,1,replayed_pf_result
38,14,1,32,1,0,0,1,replayed_pf_result
38,14,1,33,1,0,0,1,replayed_pf_result
38,14,1,34,1,0,0,1,replayed_pf_result
38,14,1,35,1,0,0,1,replayed_pf_result
38,14,1,36,1,0,0,1,replayed_pf_result
38,14,1,37,1,0,0,1,replayed_pf_result
38,14,1,38,1,0,0,1,replayed_pf_result
38,14,1,39,1,0,0,1,replayed_pf_result
38,14,2,1,1.00479005965806,0,0,1,replayed_pf_result
38,14,2,2,1.00998836608555,0,0,1,replayed_pf_result
38,14,2,3,0.991964611953573,0,0,1,replayed_pf_result
38,14,2,4,0.96366427939291,0,0,1,replayed_pf_result
38,14,2,5,0.964464552304936,0,0,1,replayed_pf_result
38,14,2,6,0.967904705509737,0,0,1,replayed_pf_result
38,14,2,7,0.956151574186221,0,0,1,replayed_pf_result
38,14,2,8,0.95521624967876,0,0,1,replayed_pf_result
38,14,2,9,1.00008403659385,0,0,1,replayed_pf_result
38,14,2,10,0.991131693387365,0,0,1,replayed_pf_result
38,14,2,11,0.982159754618789,0,0,1,replayed_pf_result
38,14,2,12,0.969135771873328,0,0,1,replayed_pf_result
38,14,2,13,0.984579444104635,0,0,1,replayed_pf_result
38,14,2,14,0.97566913543245,0,0,1,replayed_pf_result
38,14,2,15,0.980702663474483,0,0,1,replayed_pf_result
38,14,2,16,0.999799361663716,0,0,1,replayed_pf_result
38,14,2,17,0.999337170475602,0,0,1,replayed_pf_result
38,14,2,18,0.995000083025198,0,0,1,replayed_pf_result
38,14,2,19,1.03690238739285,0,0,1,replayed_pf_result
38,14,2,20,0.978185496834714,0,0,1,replayed_pf_result
38,14,2,21,1.0323192,0,0,1,replayed_pf_result
38,14,2,22,1.0501427,0,0,1,replayed_pf_result
38,14,2,23,1.0451451,0,0,1,replayed_pf_result
38,14,2,24,1.00432578918876,0,0,1,replayed_pf_result
38,14,2,25,1.01705525436003,0,0,1,replayed_pf_result
38,14,2,26,1.01708586694331,0,0,1,replayed_pf_result
38,14,2,27,1.00269381040952,0,0,1,replayed_pf_result
38,14,2,28,1.02037105915616,0,0,1,replayed_pf_result
38,14,2,29,1.0215002667082,0,0,1,replayed_pf_result
38,14,2,30,1,0,0,1,replayed_pf_result
38,14,2,31,1,0,0,1,replayed_pf_result
38,14,2,32,1,0,0,1,replayed_pf_result
38,14,2,33,1,0,0,1,replayed_pf_result
38,14,2,34,1,0,0,1,replayed_pf_result
38,14,2,35,1.0494,0,0,1,replayed_pf_result
38,14,2,36,1.0636,0,0,1,replayed_pf_result
38,14,2,37,1,0,0,1,replayed_pf_result
38,14,2,38,1,0,0,1,replayed_pf_result
38,14,2,39,1,0,0,1,replayed_pf_result
38,14,3,1,0.977959573221495,0,0,1,replayed_after_load_shedding
38,14,3,2,0.984235781830937,0,0,1,replayed_after_load_shedding
38,14,3,3,0.955833143707744,0,0,1,replayed_after_load_shedding
38,14,3,4,0.929443142996892,0,0,1,replayed_after_load_shedding
38,14,3,5,0.921998908656784,0,0,1,replayed_after_load_shedding
38,14,3,6,0.9302908385353,0,0,1,replayed_after_load_shedding
38,14,3,7,0.90076741644336,0,0,1,replayed_after_load_shedding
38,14,3,8,0.89211680622437,0.00788319377562996,0.460596616201913,1,replayed_after_load_shedding
38,14,3,9,0.915983541839316,0,0,1,replayed_after_load_shedding
38,14,3,10,0.974987363839466,0,0,1,replayed_after_load_shedding
38,14,3,11,0.956633410451296,0,0,1,replayed_after_load_shedding
38,14,3,12,0.92452293697482,0,0,1,replayed_after_load_shedding
38,14,3,13,0.919008883672783,0,0,1,replayed_after_load_shedding
38,14,3,14,0.941535900686021,0,0,1,replayed_after_load_shedding
38,14,3,15,0.95669897866625,0,0,1,replayed_after_load_shedding
38,14,3,16,0.977427120620862,0,0,1,replayed_after_load_shedding
38,14,3,17,0.972662232657679,0,0,1,replayed_after_load_shedding
38,14,3,18,0.964700987527696,0,0,1,replayed_after_load_shedding
38,14,3,19,1.029072165201,0,0,1,replayed_after_load_shedding
38,14,3,20,0.97512736875237,0,0,1,replayed_after_load_shedding
38,14,3,21,1.0323192,0,0,1,replayed_after_load_shedding
38,14,3,22,1.0501427,0,0,1,replayed_after_load_shedding
38,14,3,23,1.0451451,0,0,1,replayed_after_load_shedding
38,14,3,24,0.981615615639808,0,0,1,replayed_after_load_shedding
38,14,3,25,0.992923628642626,0,0,1,replayed_after_load_shedding
38,14,3,26,0.99426804079573,0,0,1,replayed_after_load_shedding
38,14,3,27,0.977143431937774,0,0,1,replayed_after_load_shedding
38,14,3,28,1.00943661511355,0,0,1,replayed_after_load_shedding
38,14,3,29,1.01404320430465,0,0,1,replayed_after_load_shedding
38,14,3,30,1,0,0,1,replayed_after_load_shedding
38,14,3,31,1,0,0,1,replayed_after_load_shedding
38,14,3,32,1,0,0,1,replayed_after_load_shedding
38,14,3,33,1,0,0,1,replayed_after_load_shedding
38,14,3,34,1,0,0,1,replayed_after_load_shedding
38,14,3,35,1.0494,0,0,1,replayed_after_load_shedding
38,14,3,36,1.0636,0,0,1,replayed_after_load_shedding
38,14,3,37,1,0,0,1,replayed_after_load_shedding
38,14,3,38,1,0,0,1,replayed_after_load_shedding
38,14,3,39,1,0,0,1,replayed_after_load_shedding
38,14,4,1,1.01138798802752,0,0,1,replayed_after_load_shedding
38,14,4,2,1.0143604756554,0,0,1,replayed_after_load_shedding
38,14,4,3,0.867886244658928,0.0321137553410722,1.89927902549894,1,replayed_after_load_shedding
38,14,4,4,0.853663357776672,0.0463366422233278,2.76013858537045,1,replayed_after_load_shedding
38,14,4,5,1.01747208220115,0,0,1,replayed_after_load_shedding
38,14,4,6,1.01741467643585,0,0,1,replayed_after_load_shedding
38,14,4,7,1.00218631458412,0,0,1,replayed_after_load_shedding
38,14,4,8,0.997969697578829,0,0,1,replayed_after_load_shedding
38,14,4,9,1.01745019522477,0,0,1,replayed_after_load_shedding
38,14,4,10,1.0178431,0,0,1,replayed_after_load_shedding
38,14,4,11,1.0133858,0,0,1,replayed_after_load_shedding
38,14,4,12,1.000815,0,0,1,replayed_after_load_shedding
38,14,4,13,1.014923,0,0,1,replayed_after_load_shedding
38,14,4,14,0.867482311889406,0.0325176881105936,1.92355905625597,1,replayed_after_load_shedding
38,14,4,15,0.889150471375023,0.0108495286249768,0.63485500529467,1,replayed_after_load_shedding
38,14,4,16,0.912146714223598,0,0,1,replayed_after_load_shedding
38,14,4,17,0.892682910653975,0.00731708934602504,0.42739930870665,1,replayed_after_load_shedding
38,14,4,18,0.880601123449441,0.0193988765505589,1.13999095150327,1,replayed_after_load_shedding
38,14,4,19,1.00536260172633,0,0,1,replayed_after_load_shedding
38,14,4,20,0.964281157253582,0,0,1,replayed_after_load_shedding
38,14,4,21,1.0323192,0,0,1,replayed_after_load_shedding
38,14,4,22,1.0501427,0,0,1,replayed_after_load_shedding
38,14,4,23,1.0451451,0,0,1,replayed_after_load_shedding
38,14,4,24,0.915763528762955,0,0,1,replayed_after_load_shedding
38,14,4,25,0.979844757565685,0,0,1,replayed_after_load_shedding
38,14,4,26,0.926307267100179,0,0,1,replayed_after_load_shedding
38,14,4,27,0.891092709208195,0.00890729079180519,0.520699142877349,1,replayed_after_load_shedding
38,14,4,28,0.97563170128615,0,0,1,replayed_after_load_shedding
38,14,4,29,0.990926545552093,0,0,1,replayed_after_load_shedding
38,14,4,30,1,0,0,1,replayed_after_load_shedding
38,14,4,31,1,0,0,1,replayed_after_load_shedding
38,14,4,32,0.9841,0,0,1,replayed_after_load_shedding
38,14,4,33,1,0,0,1,replayed_after_load_shedding
38,14,4,34,1,0,0,1,replayed_after_load_shedding
38,14,4,35,1.0494,0,0,1,replayed_after_load_shedding
38,14,4,36,1.0636,0,0,1,replayed_after_load_shedding
38,14,4,37,1,0,0,1,replayed_after_load_shedding
38,14,4,38,1,0,0,1,replayed_after_load_shedding
38,14,4,39,1,0,0,1,replayed_after_load_shedding
38,15,1,1,1.00358592745914,0,0,1,replayed_pf_result
38,15,1,2,1.01185872867129,0,0,1,replayed_pf_result
38,15,1,3,1.0003648926058,0,0,1,replayed_pf_result
38,15,1,4,0.985774001417975,0,0,1,replayed_pf_result
38,15,1,5,0.993236939890657,0,0,1,replayed_pf_result
38,15,1,6,0.997313831101014,0,0,1,replayed_pf_result
38,15,1,7,0.984809063729773,0,0,1,replayed_pf_result
38,15,1,8,0.983135533507963,0,0,1,replayed_pf_result
38,15,1,9,1.01307557279584,0,0,1,replayed_pf_result
38,15,1,10,1.01127091476611,0,0,1,replayed_pf_result
38,15,1,11,1.00533235613478,0,0,1,replayed_pf_result
38,15,1,12,0.991739119362111,0,0,1,replayed_pf_result
38,15,1,13,1.00528995829104,0,0,1,replayed_pf_result
38,15,1,14,0.995494342986713,0,0,1,replayed_pf_result
38,15,1,15,0.987455383349868,0,0,1,replayed_pf_result
38,15,1,16,0.9991397013937,0,0,1,replayed_pf_result
38,15,1,17,1.00166140211548,0,0,1,replayed_pf_result
38,15,1,18,0.999793178783602,0,0,1,replayed_pf_result
38,15,1,19,1.0366598313301,0,0,1,replayed_pf_result
38,15,1,20,0.978053068144689,0,0,1,replayed_pf_result
38,15,1,21,0.983851705121823,0,0,1,replayed_pf_result
38,15,1,22,0.995589738534042,0,0,1,replayed_pf_result
38,15,1,23,0.988486779508075,0,0,1,replayed_pf_result
38,15,1,24,1.00366860595713,0,0,1,replayed_pf_result
38,15,1,25,1.02145780250079,0,0,1,replayed_pf_result
38,15,1,26,1.02064432101476,0,0,1,replayed_pf_result
38,15,1,27,1.00595838384592,0,0,1,replayed_pf_result
38,15,1,28,1.02220684808174,0,0,1,replayed_pf_result
38,15,1,29,1.02275840035652,0,0,1,replayed_pf_result
38,15,1,30,1,0,0,1,replayed_pf_result
38,15,1,31,1,0,0,1,replayed_pf_result
38,15,1,32,1,0,0,1,replayed_pf_result
38,15,1,33,1,0,0,1,replayed_pf_result
38,15,1,34,1,0,0,1,replayed_pf_result
38,15,1,35,1,0,0,1,replayed_pf_result
38,15,1,36,1,0,0,1,replayed_pf_result
38,15,1,37,1,0,0,1,replayed_pf_result
38,15,1,38,1,0,0,1,replayed_pf_result
38,15,1,39,1,0,0,1,replayed_pf_result
38,15,2,1,1.00479005965806,0,0,1,replayed_pf_result
38,15,2,2,1.00998836608555,0,0,1,replayed_pf_result
38,15,2,3,0.991964611953573,0,0,1,replayed_pf_result
38,15,2,4,0.96366427939291,0,0,1,replayed_pf_result
38,15,2,5,0.964464552304936,0,0,1,replayed_pf_result
38,15,2,6,0.967904705509737,0,0,1,replayed_pf_result
38,15,2,7,0.956151574186221,0,0,1,replayed_pf_result
38,15,2,8,0.95521624967876,0,0,1,replayed_pf_result
38,15,2,9,1.00008403659385,0,0,1,replayed_pf_result
38,15,2,10,0.991131693387365,0,0,1,replayed_pf_result
38,15,2,11,0.982159754618789,0,0,1,replayed_pf_result
38,15,2,12,0.969135771873328,0,0,1,replayed_pf_result
38,15,2,13,0.984579444104635,0,0,1,replayed_pf_result
38,15,2,14,0.97566913543245,0,0,1,replayed_pf_result
38,15,2,15,0.980702663474483,0,0,1,replayed_pf_result
38,15,2,16,0.999799361663716,0,0,1,replayed_pf_result
38,15,2,17,0.999337170475602,0,0,1,replayed_pf_result
38,15,2,18,0.995000083025198,0,0,1,replayed_pf_result
38,15,2,19,1.03690238739285,0,0,1,replayed_pf_result
38,15,2,20,0.978185496834714,0,0,1,replayed_pf_result
38,15,2,21,1.0323192,0,0,1,replayed_pf_result
38,15,2,22,1.0501427,0,0,1,replayed_pf_result
38,15,2,23,1.0451451,0,0,1,replayed_pf_result
38,15,2,24,1.00432578918876,0,0,1,replayed_pf_result
38,15,2,25,1.01705525436003,0,0,1,replayed_pf_result
38,15,2,26,1.01708586694331,0,0,1,replayed_pf_result
38,15,2,27,1.00269381040952,0,0,1,replayed_pf_result
38,15,2,28,1.02037105915616,0,0,1,replayed_pf_result
38,15,2,29,1.0215002667082,0,0,1,replayed_pf_result
38,15,2,30,1,0,0,1,replayed_pf_result
38,15,2,31,1,0,0,1,replayed_pf_result
38,15,2,32,1,0,0,1,replayed_pf_result
38,15,2,33,1,0,0,1,replayed_pf_result
38,15,2,34,1,0,0,1,replayed_pf_result
38,15,2,35,1.0494,0,0,1,replayed_pf_result
38,15,2,36,1.0636,0,0,1,replayed_pf_result
38,15,2,37,1,0,0,1,replayed_pf_result
38,15,2,38,1,0,0,1,replayed_pf_result
38,15,2,39,1,0,0,1,replayed_pf_result
38,16,1,1,1.00358592745914,0,0,1,replayed_pf_result
38,16,1,2,1.01185872867129,0,0,1,replayed_pf_result
38,16,1,3,1.0003648926058,0,0,1,replayed_pf_result
38,16,1,4,0.985774001417975,0,0,1,replayed_pf_result
38,16,1,5,0.993236939890657,0,0,1,replayed_pf_result
38,16,1,6,0.997313831101014,0,0,1,replayed_pf_result
38,16,1,7,0.984809063729773,0,0,1,replayed_pf_result
38,16,1,8,0.983135533507963,0,0,1,replayed_pf_result
38,16,1,9,1.01307557279584,0,0,1,replayed_pf_result
38,16,1,10,1.01127091476611,0,0,1,replayed_pf_result
38,16,1,11,1.00533235613478,0,0,1,replayed_pf_result
38,16,1,12,0.991739119362111,0,0,1,replayed_pf_result
38,16,1,13,1.00528995829104,0,0,1,replayed_pf_result
38,16,1,14,0.995494342986713,0,0,1,replayed_pf_result
38,16,1,15,0.987455383349868,0,0,1,replayed_pf_result
38,16,1,16,0.9991397013937,0,0,1,replayed_pf_result
38,16,1,17,1.00166140211548,0,0,1,replayed_pf_result
38,16,1,18,0.999793178783602,0,0,1,replayed_pf_result
38,16,1,19,1.0366598313301,0,0,1,replayed_pf_result
38,16,1,20,0.978053068144689,0,0,1,replayed_pf_result
38,16,1,21,0.983851705121823,0,0,1,replayed_pf_result
38,16,1,22,0.995589738534042,0,0,1,replayed_pf_result
38,16,1,23,0.988486779508075,0,0,1,replayed_pf_result
38,16,1,24,1.00366860595713,0,0,1,replayed_pf_result
38,16,1,25,1.02145780250079,0,0,1,replayed_pf_result
38,16,1,26,1.02064432101476,0,0,1,replayed_pf_result
38,16,1,27,1.00595838384592,0,0,1,replayed_pf_result
38,16,1,28,1.02220684808174,0,0,1,replayed_pf_result
38,16,1,29,1.02275840035652,0,0,1,replayed_pf_result
38,16,1,30,1,0,0,1,replayed_pf_result
38,16,1,31,1,0,0,1,replayed_pf_result
38,16,1,32,1,0,0,1,replayed_pf_result
38,16,1,33,1,0,0,1,replayed_pf_result
38,16,1,34,1,0,0,1,replayed_pf_result
38,16,1,35,1,0,0,1,replayed_pf_result
38,16,1,36,1,0,0,1,replayed_pf_result
38,16,1,37,1,0,0,1,replayed_pf_result
38,16,1,38,1,0,0,1,replayed_pf_result
38,16,1,39,1,0,0,1,replayed_pf_result
38,16,2,1,1.00479005965806,0,0,1,replayed_pf_result
38,16,2,2,1.00998836608555,0,0,1,replayed_pf_result
38,16,2,3,0.991964611953573,0,0,1,replayed_pf_result
38,16,2,4,0.96366427939291,0,0,1,replayed_pf_result
38,16,2,5,0.964464552304936,0,0,1,replayed_pf_result
38,16,2,6,0.967904705509737,0,0,1,replayed_pf_result
38,16,2,7,0.956151574186221,0,0,1,replayed_pf_result
38,16,2,8,0.95521624967876,0,0,1,replayed_pf_result
38,16,2,9,1.00008403659385,0,0,1,replayed_pf_result
38,16,2,10,0.991131693387365,0,0,1,replayed_pf_result
38,16,2,11,0.982159754618789,0,0,1,replayed_pf_result
38,16,2,12,0.969135771873328,0,0,1,replayed_pf_result
38,16,2,13,0.984579444104635,0,0,1,replayed_pf_result
38,16,2,14,0.97566913543245,0,0,1,replayed_pf_result
38,16,2,15,0.980702663474483,0,0,1,replayed_pf_result
38,16,2,16,0.999799361663716,0,0,1,replayed_pf_result
38,16,2,17,0.999337170475602,0,0,1,replayed_pf_result
38,16,2,18,0.995000083025198,0,0,1,replayed_pf_result
38,16,2,19,1.03690238739285,0,0,1,replayed_pf_result
38,16,2,20,0.978185496834714,0,0,1,replayed_pf_result
38,16,2,21,1.0323192,0,0,1,replayed_pf_result
38,16,2,22,1.0501427,0,0,1,replayed_pf_result
38,16,2,23,1.0451451,0,0,1,replayed_pf_result
38,16,2,24,1.00432578918876,0,0,1,replayed_pf_result
38,16,2,25,1.01705525436003,0,0,1,replayed_pf_result
38,16,2,26,1.01708586694331,0,0,1,replayed_pf_result
38,16,2,27,1.00269381040952,0,0,1,replayed_pf_result
38,16,2,28,1.02037105915616,0,0,1,replayed_pf_result
38,16,2,29,1.0215002667082,0,0,1,replayed_pf_result
38,16,2,30,1,0,0,1,replayed_pf_result
38,16,2,31,1,0,0,1,replayed_pf_result
38,16,2,32,1,0,0,1,replayed_pf_result
38,16,2,33,1,0,0,1,replayed_pf_result
38,16,2,34,1,0,0,1,replayed_pf_result
38,16,2,35,1.0494,0,0,1,replayed_pf_result
38,16,2,36,1.0636,0,0,1,replayed_pf_result
38,16,2,37,1,0,0,1,replayed_pf_result
38,16,2,38,1,0,0,1,replayed_pf_result
38,16,2,39,1,0,0,1,replayed_pf_result
38,17,1,1,1.00358592745914,0,0,1,replayed_pf_result
38,17,1,2,1.01185872867129,0,0,1,replayed_pf_result
38,17,1,3,1.0003648926058,0,0,1,replayed_pf_result
38,17,1,4,0.985774001417975,0,0,1,replayed_pf_result
38,17,1,5,0.993236939890657,0,0,1,replayed_pf_result
38,17,1,6,0.997313831101014,0,0,1,replayed_pf_result
38,17,1,7,0.984809063729773,0,0,1,replayed_pf_result
38,17,1,8,0.983135533507963,0,0,1,replayed_pf_result
38,17,1,9,1.01307557279584,0,0,1,replayed_pf_result
38,17,1,10,1.01127091476611,0,0,1,replayed_pf_result
38,17,1,11,1.00533235613478,0,0,1,replayed_pf_result
38,17,1,12,0.991739119362111,0,0,1,replayed_pf_result
38,17,1,13,1.00528995829104,0,0,1,replayed_pf_result
38,17,1,14,0.995494342986713,0,0,1,replayed_pf_result
38,17,1,15,0.987455383349868,0,0,1,replayed_pf_result
38,17,1,16,0.9991397013937,0,0,1,replayed_pf_result
38,17,1,17,1.00166140211548,0,0,1,replayed_pf_result
38,17,1,18,0.999793178783602,0,0,1,replayed_pf_result
38,17,1,19,1.0366598313301,0,0,1,replayed_pf_result
38,17,1,20,0.978053068144689,0,0,1,replayed_pf_result
38,17,1,21,0.983851705121823,0,0,1,replayed_pf_result
38,17,1,22,0.995589738534042,0,0,1,replayed_pf_result
38,17,1,23,0.988486779508075,0,0,1,replayed_pf_result
38,17,1,24,1.00366860595713,0,0,1,replayed_pf_result
38,17,1,25,1.02145780250079,0,0,1,replayed_pf_result
38,17,1,26,1.02064432101476,0,0,1,replayed_pf_result
38,17,1,27,1.00595838384592,0,0,1,replayed_pf_result
38,17,1,28,1.02220684808174,0,0,1,replayed_pf_result
38,17,1,29,1.02275840035652,0,0,1,replayed_pf_result
38,17,1,30,1,0,0,1,replayed_pf_result
38,17,1,31,1,0,0,1,replayed_pf_result
38,17,1,32,1,0,0,1,replayed_pf_result
38,17,1,33,1,0,0,1,replayed_pf_result
38,17,1,34,1,0,0,1,replayed_pf_result
38,17,1,35,1,0,0,1,replayed_pf_result
38,17,1,36,1,0,0,1,replayed_pf_result
38,17,1,37,1,0,0,1,replayed_pf_result
38,17,1,38,1,0,0,1,replayed_pf_result
38,17,1,39,1,0,0,1,replayed_pf_result
38,17,2,1,1.00479005965806,0,0,1,replayed_pf_result
38,17,2,2,1.00998836608555,0,0,1,replayed_pf_result
38,17,2,3,0.991964611953573,0,0,1,replayed_pf_result
38,17,2,4,0.96366427939291,0,0,1,replayed_pf_result
38,17,2,5,0.964464552304936,0,0,1,replayed_pf_result
38,17,2,6,0.967904705509737,0,0,1,replayed_pf_result
38,17,2,7,0.956151574186221,0,0,1,replayed_pf_result
38,17,2,8,0.95521624967876,0,0,1,replayed_pf_result
38,17,2,9,1.00008403659385,0,0,1,replayed_pf_result
38,17,2,10,0.991131693387365,0,0,1,replayed_pf_result
38,17,2,11,0.982159754618789,0,0,1,replayed_pf_result
38,17,2,12,0.969135771873328,0,0,1,replayed_pf_result
38,17,2,13,0.984579444104635,0,0,1,replayed_pf_result
38,17,2,14,0.97566913543245,0,0,1,replayed_pf_result
38,17,2,15,0.980702663474483,0,0,1,replayed_pf_result
38,17,2,16,0.999799361663716,0,0,1,replayed_pf_result
38,17,2,17,0.999337170475602,0,0,1,replayed_pf_result
38,17,2,18,0.995000083025198,0,0,1,replayed_pf_result
38,17,2,19,1.03690238739285,0,0,1,replayed_pf_result
38,17,2,20,0.978185496834714,0,0,1,replayed_pf_result
38,17,2,21,1.0323192,0,0,1,replayed_pf_result
38,17,2,22,1.0501427,0,0,1,replayed_pf_result
38,17,2,23,1.0451451,0,0,1,replayed_pf_result
38,17,2,24,1.00432578918876,0,0,1,replayed_pf_result
38,17,2,25,1.01705525436003,0,0,1,replayed_pf_result
38,17,2,26,1.01708586694331,0,0,1,replayed_pf_result
38,17,2,27,1.00269381040952,0,0,1,replayed_pf_result
38,17,2,28,1.02037105915616,0,0,1,replayed_pf_result
38,17,2,29,1.0215002667082,0,0,1,replayed_pf_result
38,17,2,30,1,0,0,1,replayed_pf_result
38,17,2,31,1,0,0,1,replayed_pf_result
38,17,2,32,1,0,0,1,replayed_pf_result
38,17,2,33,1,0,0,1,replayed_pf_result
38,17,2,34,1,0,0,1,replayed_pf_result
38,17,2,35,1.0494,0,0,1,replayed_pf_result
38,17,2,36,1.0636,0,0,1,replayed_pf_result
38,17,2,37,1,0,0,1,replayed_pf_result
38,17,2,38,1,0,0,1,replayed_pf_result
38,17,2,39,1,0,0,1,replayed_pf_result
38,18,1,1,1.00358592745914,0,0,1,replayed_pf_result
38,18,1,2,1.01185872867129,0,0,1,replayed_pf_result
38,18,1,3,1.0003648926058,0,0,1,replayed_pf_result
38,18,1,4,0.985774001417975,0,0,1,replayed_pf_result
38,18,1,5,0.993236939890657,0,0,1,replayed_pf_result
38,18,1,6,0.997313831101014,0,0,1,replayed_pf_result
38,18,1,7,0.984809063729773,0,0,1,replayed_pf_result
38,18,1,8,0.983135533507963,0,0,1,replayed_pf_result
38,18,1,9,1.01307557279584,0,0,1,replayed_pf_result
38,18,1,10,1.01127091476611,0,0,1,replayed_pf_result
38,18,1,11,1.00533235613478,0,0,1,replayed_pf_result
38,18,1,12,0.991739119362111,0,0,1,replayed_pf_result
38,18,1,13,1.00528995829104,0,0,1,replayed_pf_result
38,18,1,14,0.995494342986713,0,0,1,replayed_pf_result
38,18,1,15,0.987455383349868,0,0,1,replayed_pf_result
38,18,1,16,0.9991397013937,0,0,1,replayed_pf_result
38,18,1,17,1.00166140211548,0,0,1,replayed_pf_result
38,18,1,18,0.999793178783602,0,0,1,replayed_pf_result
38,18,1,19,1.0366598313301,0,0,1,replayed_pf_result
38,18,1,20,0.978053068144689,0,0,1,replayed_pf_result
38,18,1,21,0.983851705121823,0,0,1,replayed_pf_result
38,18,1,22,0.995589738534042,0,0,1,replayed_pf_result
38,18,1,23,0.988486779508075,0,0,1,replayed_pf_result
38,18,1,24,1.00366860595713,0,0,1,replayed_pf_result
38,18,1,25,1.02145780250079,0,0,1,replayed_pf_result
38,18,1,26,1.02064432101476,0,0,1,replayed_pf_result
38,18,1,27,1.00595838384592,0,0,1,replayed_pf_result
38,18,1,28,1.02220684808174,0,0,1,replayed_pf_result
38,18,1,29,1.02275840035652,0,0,1,replayed_pf_result
38,18,1,30,1,0,0,1,replayed_pf_result
38,18,1,31,1,0,0,1,replayed_pf_result
38,18,1,32,1,0,0,1,replayed_pf_result
38,18,1,33,1,0,0,1,replayed_pf_result
38,18,1,34,1,0,0,1,replayed_pf_result
38,18,1,35,1,0,0,1,replayed_pf_result
38,18,1,36,1,0,0,1,replayed_pf_result
38,18,1,37,1,0,0,1,replayed_pf_result
38,18,1,38,1,0,0,1,replayed_pf_result
38,18,1,39,1,0,0,1,replayed_pf_result
38,19,1,1,1.00358592745914,0,0,1,replayed_pf_result
38,19,1,2,1.01185872867129,0,0,1,replayed_pf_result
38,19,1,3,1.0003648926058,0,0,1,replayed_pf_result
38,19,1,4,0.985774001417975,0,0,1,replayed_pf_result
38,19,1,5,0.993236939890657,0,0,1,replayed_pf_result
38,19,1,6,0.997313831101014,0,0,1,replayed_pf_result
38,19,1,7,0.984809063729773,0,0,1,replayed_pf_result
38,19,1,8,0.983135533507963,0,0,1,replayed_pf_result
38,19,1,9,1.01307557279584,0,0,1,replayed_pf_result
38,19,1,10,1.01127091476611,0,0,1,replayed_pf_result
38,19,1,11,1.00533235613478,0,0,1,replayed_pf_result
38,19,1,12,0.991739119362111,0,0,1,replayed_pf_result
38,19,1,13,1.00528995829104,0,0,1,replayed_pf_result
38,19,1,14,0.995494342986713,0,0,1,replayed_pf_result
38,19,1,15,0.987455383349868,0,0,1,replayed_pf_result
38,19,1,16,0.9991397013937,0,0,1,replayed_pf_result
38,19,1,17,1.00166140211548,0,0,1,replayed_pf_result
38,19,1,18,0.999793178783602,0,0,1,replayed_pf_result
38,19,1,19,1.0366598313301,0,0,1,replayed_pf_result
38,19,1,20,0.978053068144689,0,0,1,replayed_pf_result
38,19,1,21,0.983851705121823,0,0,1,replayed_pf_result
38,19,1,22,0.995589738534042,0,0,1,replayed_pf_result
38,19,1,23,0.988486779508075,0,0,1,replayed_pf_result
38,19,1,24,1.00366860595713,0,0,1,replayed_pf_result
38,19,1,25,1.02145780250079,0,0,1,replayed_pf_result
38,19,1,26,1.02064432101476,0,0,1,replayed_pf_result
38,19,1,27,1.00595838384592,0,0,1,replayed_pf_result
38,19,1,28,1.02220684808174,0,0,1,replayed_pf_result
38,19,1,29,1.02275840035652,0,0,1,replayed_pf_result
38,19,1,30,1,0,0,1,replayed_pf_result
38,19,1,31,1,0,0,1,replayed_pf_result
38,19,1,32,1,0,0,1,replayed_pf_result
38,19,1,33,1,0,0,1,replayed_pf_result
38,19,1,34,1,0,0,1,replayed_pf_result
38,19,1,35,1,0,0,1,replayed_pf_result
38,19,1,36,1,0,0,1,replayed_pf_result
38,19,1,37,1,0,0,1,replayed_pf_result
38,19,1,38,1,0,0,1,replayed_pf_result
38,19,1,39,1,0,0,1,replayed_pf_result
38,19,2,1,1.00479005965806,0,0,1,replayed_pf_result
38,19,2,2,1.00998836608555,0,0,1,replayed_pf_result
38,19,2,3,0.991964611953573,0,0,1,replayed_pf_result
38,19,2,4,0.96366427939291,0,0,1,replayed_pf_result
38,19,2,5,0.964464552304936,0,0,1,replayed_pf_result
38,19,2,6,0.967904705509737,0,0,1,replayed_pf_result
38,19,2,7,0.956151574186221,0,0,1,replayed_pf_result
38,19,2,8,0.95521624967876,0,0,1,replayed_pf_result
38,19,2,9,1.00008403659385,0,0,1,replayed_pf_result
38,19,2,10,0.991131693387365,0,0,1,replayed_pf_result
38,19,2,11,0.982159754618789,0,0,1,replayed_pf_result
38,19,2,12,0.969135771873328,0,0,1,replayed_pf_result
38,19,2,13,0.984579444104635,0,0,1,replayed_pf_result
38,19,2,14,0.97566913543245,0,0,1,replayed_pf_result
38,19,2,15,0.980702663474483,0,0,1,replayed_pf_result
38,19,2,16,0.999799361663716,0,0,1,replayed_pf_result
38,19,2,17,0.999337170475602,0,0,1,replayed_pf_result
38,19,2,18,0.995000083025198,0,0,1,replayed_pf_result
38,19,2,19,1.03690238739285,0,0,1,replayed_pf_result
38,19,2,20,0.978185496834714,0,0,1,replayed_pf_result
38,19,2,21,1.0323192,0,0,1,replayed_pf_result
38,19,2,22,1.0501427,0,0,1,replayed_pf_result
38,19,2,23,1.0451451,0,0,1,replayed_pf_result
38,19,2,24,1.00432578918876,0,0,1,replayed_pf_result
38,19,2,25,1.01705525436003,0,0,1,replayed_pf_result
38,19,2,26,1.01708586694331,0,0,1,replayed_pf_result
38,19,2,27,1.00269381040952,0,0,1,replayed_pf_result
38,19,2,28,1.02037105915616,0,0,1,replayed_pf_result
38,19,2,29,1.0215002667082,0,0,1,replayed_pf_result
38,19,2,30,1,0,0,1,replayed_pf_result
38,19,2,31,1,0,0,1,replayed_pf_result
38,19,2,32,1,0,0,1,replayed_pf_result
38,19,2,33,1,0,0,1,replayed_pf_result
38,19,2,34,1,0,0,1,replayed_pf_result
38,19,2,35,1.0494,0,0,1,replayed_pf_result
38,19,2,36,1.0636,0,0,1,replayed_pf_result
38,19,2,37,1,0,0,1,replayed_pf_result
38,19,2,38,1,0,0,1,replayed_pf_result
38,19,2,39,1,0,0,1,replayed_pf_result
38,20,1,1,1.00358592745914,0,0,1,replayed_pf_result
38,20,1,2,1.01185872867129,0,0,1,replayed_pf_result
38,20,1,3,1.0003648926058,0,0,1,replayed_pf_result
38,20,1,4,0.985774001417975,0,0,1,replayed_pf_result
38,20,1,5,0.993236939890657,0,0,1,replayed_pf_result
38,20,1,6,0.997313831101014,0,0,1,replayed_pf_result
38,20,1,7,0.984809063729773,0,0,1,replayed_pf_result
38,20,1,8,0.983135533507963,0,0,1,replayed_pf_result
38,20,1,9,1.01307557279584,0,0,1,replayed_pf_result
38,20,1,10,1.01127091476611,0,0,1,replayed_pf_result
38,20,1,11,1.00533235613478,0,0,1,replayed_pf_result
38,20,1,12,0.991739119362111,0,0,1,replayed_pf_result
38,20,1,13,1.00528995829104,0,0,1,replayed_pf_result
38,20,1,14,0.995494342986713,0,0,1,replayed_pf_result
38,20,1,15,0.987455383349868,0,0,1,replayed_pf_result
38,20,1,16,0.9991397013937,0,0,1,replayed_pf_result
38,20,1,17,1.00166140211548,0,0,1,replayed_pf_result
38,20,1,18,0.999793178783602,0,0,1,replayed_pf_result
38,20,1,19,1.0366598313301,0,0,1,replayed_pf_result
38,20,1,20,0.978053068144689,0,0,1,replayed_pf_result
38,20,1,21,0.983851705121823,0,0,1,replayed_pf_result
38,20,1,22,0.995589738534042,0,0,1,replayed_pf_result
38,20,1,23,0.988486779508075,0,0,1,replayed_pf_result
38,20,1,24,1.00366860595713,0,0,1,replayed_pf_result
38,20,1,25,1.02145780250079,0,0,1,replayed_pf_result
38,20,1,26,1.02064432101476,0,0,1,replayed_pf_result
38,20,1,27,1.00595838384592,0,0,1,replayed_pf_result
38,20,1,28,1.02220684808174,0,0,1,replayed_pf_result
38,20,1,29,1.02275840035652,0,0,1,replayed_pf_result
38,20,1,30,1,0,0,1,replayed_pf_result
38,20,1,31,1,0,0,1,replayed_pf_result
38,20,1,32,1,0,0,1,replayed_pf_result
38,20,1,33,1,0,0,1,replayed_pf_result
38,20,1,34,1,0,0,1,replayed_pf_result
38,20,1,35,1,0,0,1,replayed_pf_result
38,20,1,36,1,0,0,1,replayed_pf_result
38,20,1,37,1,0,0,1,replayed_pf_result
38,20,1,38,1,0,0,1,replayed_pf_result
38,20,1,39,1,0,0,1,replayed_pf_result
38,20,2,1,1.00479005965806,0,0,1,replayed_pf_result
38,20,2,2,1.00998836608555,0,0,1,replayed_pf_result
38,20,2,3,0.991964611953573,0,0,1,replayed_pf_result
38,20,2,4,0.96366427939291,0,0,1,replayed_pf_result
38,20,2,5,0.964464552304936,0,0,1,replayed_pf_result
38,20,2,6,0.967904705509737,0,0,1,replayed_pf_result
38,20,2,7,0.956151574186221,0,0,1,replayed_pf_result
38,20,2,8,0.95521624967876,0,0,1,replayed_pf_result
38,20,2,9,1.00008403659385,0,0,1,replayed_pf_result
38,20,2,10,0.991131693387365,0,0,1,replayed_pf_result
38,20,2,11,0.982159754618789,0,0,1,replayed_pf_result
38,20,2,12,0.969135771873328,0,0,1,replayed_pf_result
38,20,2,13,0.984579444104635,0,0,1,replayed_pf_result
38,20,2,14,0.97566913543245,0,0,1,replayed_pf_result
38,20,2,15,0.980702663474483,0,0,1,replayed_pf_result
38,20,2,16,0.999799361663716,0,0,1,replayed_pf_result
38,20,2,17,0.999337170475602,0,0,1,replayed_pf_result
38,20,2,18,0.995000083025198,0,0,1,replayed_pf_result
38,20,2,19,1.03690238739285,0,0,1,replayed_pf_result
38,20,2,20,0.978185496834714,0,0,1,replayed_pf_result
38,20,2,21,1.0323192,0,0,1,replayed_pf_result
38,20,2,22,1.0501427,0,0,1,replayed_pf_result
38,20,2,23,1.0451451,0,0,1,replayed_pf_result
38,20,2,24,1.00432578918876,0,0,1,replayed_pf_result
38,20,2,25,1.01705525436003,0,0,1,replayed_pf_result
38,20,2,26,1.01708586694331,0,0,1,replayed_pf_result
38,20,2,27,1.00269381040952,0,0,1,replayed_pf_result
38,20,2,28,1.02037105915616,0,0,1,replayed_pf_result
38,20,2,29,1.0215002667082,0,0,1,replayed_pf_result
38,20,2,30,1,0,0,1,replayed_pf_result
38,20,2,31,1,0,0,1,replayed_pf_result
38,20,2,32,1,0,0,1,replayed_pf_result
38,20,2,33,1,0,0,1,replayed_pf_result
38,20,2,34,1,0,0,1,replayed_pf_result
38,20,2,35,1.0494,0,0,1,replayed_pf_result
38,20,2,36,1.0636,0,0,1,replayed_pf_result
38,20,2,37,1,0,0,1,replayed_pf_result
38,20,2,38,1,0,0,1,replayed_pf_result
38,20,2,39,1,0,0,1,replayed_pf_result
39,1,1,1,1.00489577959945,0,0,1,replayed_pf_result
39,1,1,2,1.01086804250306,0,0,1,replayed_pf_result
39,1,1,3,0.994510474350353,0,0,1,replayed_pf_result
39,1,1,4,0.968808607377073,0,0,1,replayed_pf_result
39,1,1,5,0.970652454814043,0,0,1,replayed_pf_result
39,1,1,6,0.974188966950331,0,0,1,replayed_pf_result
39,1,1,7,0.962262066472891,0,0,1,replayed_pf_result
39,1,1,8,0.961167669304098,0,0,1,replayed_pf_result
39,1,1,9,1.00278350067151,0,0,1,replayed_pf_result
39,1,1,10,0.995649084016779,0,0,1,replayed_pf_result
39,1,1,11,0.987278910923248,0,0,1,replayed_pf_result
39,1,1,12,0.974207645582538,0,0,1,replayed_pf_result
39,1,1,13,0.989302071967621,0,0,1,replayed_pf_result
39,1,1,14,0.980467301549685,0,0,1,replayed_pf_result
39,1,1,15,0.983496507524158,0,0,1,replayed_pf_result
39,1,1,16,1.00120406307779,0,0,1,replayed_pf_result
39,1,1,17,1.00108293442193,0,0,1,replayed_pf_result
39,1,1,18,0.997111609973165,0,0,1,replayed_pf_result
39,1,1,19,1.03741889004799,0,0,1,replayed_pf_result
39,1,1,20,0.978467490449945,0,0,1,replayed_pf_result
39,1,1,21,0.996455431155896,0,0,1,replayed_pf_result
39,1,1,22,1.0071125890097,0,0,1,replayed_pf_result
39,1,1,23,1.00095054906937,0,0,1,replayed_pf_result
39,1,1,24,1.00592052629268,0,0,1,replayed_pf_result
39,1,1,25,1.01818059364111,0,0,1,replayed_pf_result
39,1,1,26,1.01835547184107,0,0,1,replayed_pf_result
39,1,1,27,1.0042382891012,0,0,1,replayed_pf_result
39,1,1,28,1.02102605338727,0,0,1,replayed_pf_result
39,1,1,29,1.02194915856121,0,0,1,replayed_pf_result
39,1,1,30,1,0,0,1,replayed_pf_result
39,1,1,31,1,0,0,1,replayed_pf_result
39,1,1,32,1,0,0,1,replayed_pf_result
39,1,1,33,1,0,0,1,replayed_pf_result
39,1,1,34,1,0,0,1,replayed_pf_result
39,1,1,35,1,0,0,1,replayed_pf_result
39,1,1,36,1.0636,0,0,1,replayed_pf_result
39,1,1,37,1,0,0,1,replayed_pf_result
39,1,1,38,1,0,0,1,replayed_pf_result
39,1,1,39,1,0,0,1,replayed_pf_result
39,2,1,1,1.00489577959945,0,0,1,replayed_pf_result
39,2,1,2,1.01086804250306,0,0,1,replayed_pf_result
39,2,1,3,0.994510474350353,0,0,1,replayed_pf_result
39,2,1,4,0.968808607377073,0,0,1,replayed_pf_result
39,2,1,5,0.970652454814043,0,0,1,replayed_pf_result
39,2,1,6,0.974188966950331,0,0,1,replayed_pf_result
39,2,1,7,0.962262066472891,0,0,1,replayed_pf_result
39,2,1,8,0.961167669304098,0,0,1,replayed_pf_result
39,2,1,9,1.00278350067151,0,0,1,replayed_pf_result
39,2,1,10,0.995649084016779,0,0,1,replayed_pf_result
39,2,1,11,0.987278910923248,0,0,1,replayed_pf_result
39,2,1,12,0.974207645582538,0,0,1,replayed_pf_result
39,2,1,13,0.989302071967621,0,0,1,replayed_pf_result
39,2,1,14,0.980467301549685,0,0,1,replayed_pf_result
39,2,1,15,0.983496507524158,0,0,1,replayed_pf_result
39,2,1,16,1.00120406307779,0,0,1,replayed_pf_result
39,2,1,17,1.00108293442193,0,0,1,replayed_pf_result
39,2,1,18,0.997111609973165,0,0,1,replayed_pf_result
39,2,1,19,1.03741889004799,0,0,1,replayed_pf_result
39,2,1,20,0.978467490449945,0,0,1,replayed_pf_result
39,2,1,21,0.996455431155896,0,0,1,replayed_pf_result
39,2,1,22,1.0071125890097,0,0,1,replayed_pf_result
39,2,1,23,1.00095054906937,0,0,1,replayed_pf_result
39,2,1,24,1.00592052629268,0,0,1,replayed_pf_result
39,2,1,25,1.01818059364111,0,0,1,replayed_pf_result
39,2,1,26,1.01835547184107,0,0,1,replayed_pf_result
39,2,1,27,1.0042382891012,0,0,1,replayed_pf_result
39,2,1,28,1.02102605338727,0,0,1,replayed_pf_result
39,2,1,29,1.02194915856121,0,0,1,replayed_pf_result
39,2,1,30,1,0,0,1,replayed_pf_result
39,2,1,31,1,0,0,1,replayed_pf_result
39,2,1,32,1,0,0,1,replayed_pf_result
39,2,1,33,1,0,0,1,replayed_pf_result
39,2,1,34,1,0,0,1,replayed_pf_result
39,2,1,35,1,0,0,1,replayed_pf_result
39,2,1,36,1.0636,0,0,1,replayed_pf_result
39,2,1,37,1,0,0,1,replayed_pf_result
39,2,1,38,1,0,0,1,replayed_pf_result
39,2,1,39,1,0,0,1,replayed_pf_result
39,3,1,1,1.00489577959945,0,0,1,replayed_pf_result
39,3,1,2,1.01086804250306,0,0,1,replayed_pf_result
39,3,1,3,0.994510474350353,0,0,1,replayed_pf_result
39,3,1,4,0.968808607377073,0,0,1,replayed_pf_result
39,3,1,5,0.970652454814043,0,0,1,replayed_pf_result
39,3,1,6,0.974188966950331,0,0,1,replayed_pf_result
39,3,1,7,0.962262066472891,0,0,1,replayed_pf_result
39,3,1,8,0.961167669304098,0,0,1,replayed_pf_result
39,3,1,9,1.00278350067151,0,0,1,replayed_pf_result
39,3,1,10,0.995649084016779,0,0,1,replayed_pf_result
39,3,1,11,0.987278910923248,0,0,1,replayed_pf_result
39,3,1,12,0.974207645582538,0,0,1,replayed_pf_result
39,3,1,13,0.989302071967621,0,0,1,replayed_pf_result
39,3,1,14,0.980467301549685,0,0,1,replayed_pf_result
39,3,1,15,0.983496507524158,0,0,1,replayed_pf_result
39,3,1,16,1.00120406307779,0,0,1,replayed_pf_result
39,3,1,17,1.00108293442193,0,0,1,replayed_pf_result
39,3,1,18,0.997111609973165,0,0,1,replayed_pf_result
39,3,1,19,1.03741889004799,0,0,1,replayed_pf_result
39,3,1,20,0.978467490449945,0,0,1,replayed_pf_result
39,3,1,21,0.996455431155896,0,0,1,replayed_pf_result
39,3,1,22,1.0071125890097,0,0,1,replayed_pf_result
39,3,1,23,1.00095054906937,0,0,1,replayed_pf_result
39,3,1,24,1.00592052629268,0,0,1,replayed_pf_result
39,3,1,25,1.01818059364111,0,0,1,replayed_pf_result
39,3,1,26,1.01835547184107,0,0,1,replayed_pf_result
39,3,1,27,1.0042382891012,0,0,1,replayed_pf_result
39,3,1,28,1.02102605338727,0,0,1,replayed_pf_result
39,3,1,29,1.02194915856121,0,0,1,replayed_pf_result
39,3,1,30,1,0,0,1,replayed_pf_result
39,3,1,31,1,0,0,1,replayed_pf_result
39,3,1,32,1,0,0,1,replayed_pf_result
39,3,1,33,1,0,0,1,replayed_pf_result
39,3,1,34,1,0,0,1,replayed_pf_result
39,3,1,35,1,0,0,1,replayed_pf_result
39,3,1,36,1.0636,0,0,1,replayed_pf_result
39,3,1,37,1,0,0,1,replayed_pf_result
39,3,1,38,1,0,0,1,replayed_pf_result
39,3,1,39,1,0,0,1,replayed_pf_result
39,4,1,1,1.00489577959945,0,0,1,replayed_pf_result
39,4,1,2,1.01086804250306,0,0,1,replayed_pf_result
39,4,1,3,0.994510474350353,0,0,1,replayed_pf_result
39,4,1,4,0.968808607377073,0,0,1,replayed_pf_result
39,4,1,5,0.970652454814043,0,0,1,replayed_pf_result
39,4,1,6,0.974188966950331,0,0,1,replayed_pf_result
39,4,1,7,0.962262066472891,0,0,1,replayed_pf_result
39,4,1,8,0.961167669304098,0,0,1,replayed_pf_result
39,4,1,9,1.00278350067151,0,0,1,replayed_pf_result
39,4,1,10,0.995649084016779,0,0,1,replayed_pf_result
39,4,1,11,0.987278910923248,0,0,1,replayed_pf_result
39,4,1,12,0.974207645582538,0,0,1,replayed_pf_result
39,4,1,13,0.989302071967621,0,0,1,replayed_pf_result
39,4,1,14,0.980467301549685,0,0,1,replayed_pf_result
39,4,1,15,0.983496507524158,0,0,1,replayed_pf_result
39,4,1,16,1.00120406307779,0,0,1,replayed_pf_result
39,4,1,17,1.00108293442193,0,0,1,replayed_pf_result
39,4,1,18,0.997111609973165,0,0,1,replayed_pf_result
39,4,1,19,1.03741889004799,0,0,1,replayed_pf_result
39,4,1,20,0.978467490449945,0,0,1,replayed_pf_result
39,4,1,21,0.996455431155896,0,0,1,replayed_pf_result
39,4,1,22,1.0071125890097,0,0,1,replayed_pf_result
39,4,1,23,1.00095054906937,0,0,1,replayed_pf_result
39,4,1,24,1.00592052629268,0,0,1,replayed_pf_result
39,4,1,25,1.01818059364111,0,0,1,replayed_pf_result
39,4,1,26,1.01835547184107,0,0,1,replayed_pf_result
39,4,1,27,1.0042382891012,0,0,1,replayed_pf_result
39,4,1,28,1.02102605338727,0,0,1,replayed_pf_result
39,4,1,29,1.02194915856121,0,0,1,replayed_pf_result
39,4,1,30,1,0,0,1,replayed_pf_result
39,4,1,31,1,0,0,1,replayed_pf_result
39,4,1,32,1,0,0,1,replayed_pf_result
39,4,1,33,1,0,0,1,replayed_pf_result
39,4,1,34,1,0,0,1,replayed_pf_result
39,4,1,35,1,0,0,1,replayed_pf_result
39,4,1,36,1.0636,0,0,1,replayed_pf_result
39,4,1,37,1,0,0,1,replayed_pf_result
39,4,1,38,1,0,0,1,replayed_pf_result
39,4,1,39,1,0,0,1,replayed_pf_result
39,5,1,1,1.00489577959945,0,0,1,replayed_pf_result
39,5,1,2,1.01086804250306,0,0,1,replayed_pf_result
39,5,1,3,0.994510474350353,0,0,1,replayed_pf_result
39,5,1,4,0.968808607377073,0,0,1,replayed_pf_result
39,5,1,5,0.970652454814043,0,0,1,replayed_pf_result
39,5,1,6,0.974188966950331,0,0,1,replayed_pf_result
39,5,1,7,0.962262066472891,0,0,1,replayed_pf_result
39,5,1,8,0.961167669304098,0,0,1,replayed_pf_result
39,5,1,9,1.00278350067151,0,0,1,replayed_pf_result
39,5,1,10,0.995649084016779,0,0,1,replayed_pf_result
39,5,1,11,0.987278910923248,0,0,1,replayed_pf_result
39,5,1,12,0.974207645582538,0,0,1,replayed_pf_result
39,5,1,13,0.989302071967621,0,0,1,replayed_pf_result
39,5,1,14,0.980467301549685,0,0,1,replayed_pf_result
39,5,1,15,0.983496507524158,0,0,1,replayed_pf_result
39,5,1,16,1.00120406307779,0,0,1,replayed_pf_result
39,5,1,17,1.00108293442193,0,0,1,replayed_pf_result
39,5,1,18,0.997111609973165,0,0,1,replayed_pf_result
39,5,1,19,1.03741889004799,0,0,1,replayed_pf_result
39,5,1,20,0.978467490449945,0,0,1,replayed_pf_result
39,5,1,21,0.996455431155896,0,0,1,replayed_pf_result
39,5,1,22,1.0071125890097,0,0,1,replayed_pf_result
39,5,1,23,1.00095054906937,0,0,1,replayed_pf_result
39,5,1,24,1.00592052629268,0,0,1,replayed_pf_result
39,5,1,25,1.01818059364111,0,0,1,replayed_pf_result
39,5,1,26,1.01835547184107,0,0,1,replayed_pf_result
39,5,1,27,1.0042382891012,0,0,1,replayed_pf_result
39,5,1,28,1.02102605338727,0,0,1,replayed_pf_result
39,5,1,29,1.02194915856121,0,0,1,replayed_pf_result
39,5,1,30,1,0,0,1,replayed_pf_result
39,5,1,31,1,0,0,1,replayed_pf_result
39,5,1,32,1,0,0,1,replayed_pf_result
39,5,1,33,1,0,0,1,replayed_pf_result
39,5,1,34,1,0,0,1,replayed_pf_result
39,5,1,35,1,0,0,1,replayed_pf_result
39,5,1,36,1.0636,0,0,1,replayed_pf_result
39,5,1,37,1,0,0,1,replayed_pf_result
39,5,1,38,1,0,0,1,replayed_pf_result
39,5,1,39,1,0,0,1,replayed_pf_result
39,5,2,1,0.99360612814899,0,0,1,replayed_pf_result
39,5,2,2,0.997320165425493,0,0,1,replayed_pf_result
39,5,2,3,0.972014859101788,0,0,1,replayed_pf_result
39,5,2,4,0.942111423602394,0,0,1,replayed_pf_result
39,5,2,5,0.942469297105268,0,0,1,replayed_pf_result
39,5,2,6,0.945739745675975,0,0,1,replayed_pf_result
39,5,2,7,0.93214649884326,0,0,1,replayed_pf_result
39,5,2,8,0.929992109198617,0,0,1,replayed_pf_result
39,5,2,9,0.974818200946975,0,0,1,replayed_pf_result
39,5,2,10,0.983654207179573,0,0,1,replayed_pf_result
39,5,2,11,0.96924076523874,0,0,1,replayed_pf_result
39,5,2,12,0.960738159035835,0,0,1,replayed_pf_result
39,5,2,13,0.981141396729779,0,0,1,replayed_pf_result
39,5,2,14,0.953002274202092,0,0,1,replayed_pf_result
39,5,2,15,0.966450630113993,0,0,1,replayed_pf_result
39,5,2,16,0.987900340474057,0,0,1,replayed_pf_result
39,5,2,17,0.984165605837575,0,0,1,replayed_pf_result
39,5,2,18,0.977720041515484,0,0,1,replayed_pf_result
39,5,2,19,1.03252695486103,0,0,1,replayed_pf_result
39,5,2,20,0.97579653835607,0,0,1,replayed_pf_result
39,5,2,21,0.986499952428019,0,0,1,replayed_pf_result
39,5,2,22,1.00086147253208,0,0,1,replayed_pf_result
39,5,2,23,0.993281990193294,0,0,1,replayed_pf_result
39,5,2,24,0.993459367329865,0,0,1,replayed_pf_result
39,5,2,25,1.00126740036168,0,0,1,replayed_pf_result
39,5,2,26,1.00213598571165,0,0,1,replayed_pf_result
39,5,2,27,0.986673278992557,0,0,1,replayed_pf_result
39,5,2,28,1.01265740156187,0,0,1,replayed_pf_result
39,5,2,29,1.01621379242848,0,0,1,replayed_pf_result
39,5,2,30,1,0,0,1,replayed_pf_result
39,5,2,31,0.982,0,0,1,replayed_pf_result
39,5,2,32,1,0,0,1,replayed_pf_result
39,5,2,33,1,0,0,1,replayed_pf_result
39,5,2,34,1,0,0,1,replayed_pf_result
39,5,2,35,1,0,0,1,replayed_pf_result
39,5,2,36,1.0636,0,0,1,replayed_pf_result
39,5,2,37,1,0,0,1,replayed_pf_result
39,5,2,38,1,0,0,1,replayed_pf_result
39,5,2,39,0.999999999999999,0,0,1,replayed_pf_result
39,5,3,1,1.01157324859859,0,0,1,replayed_after_load_shedding
39,5,3,2,1.0176559796768,0,0,1,replayed_after_load_shedding
39,5,3,3,0.872917560585969,0.0270824394140311,1.59767166245288,1,replayed_after_load_shedding
39,5,3,4,0.83830522681001,0.0616947731899905,3.70356267509317,1,replayed_after_load_shedding
39,5,3,5,0.815885909104212,0.0841140908957877,5.10701958137208,1,replayed_after_load_shedding
39,5,3,6,0.813625522427679,0.0863744775723209,5.25027450458157,1,replayed_after_load_shedding
39,5,3,7,0.80501454196877,0.0949854580312305,5.79898258756572,1,replayed_after_load_shedding
39,5,3,8,0.805264694625047,0.0947353053749526,5.78297565692778,1,replayed_after_load_shedding
39,5,3,9,0.90490714611429,0,0,1,replayed_after_load_shedding
39,5,3,10,1.0178431,0,0,1,replayed_after_load_shedding
39,5,3,11,1.0133858,0,0,1,replayed_after_load_shedding
39,5,3,12,1.000815,0,0,1,replayed_after_load_shedding
39,5,3,13,1.014923,0,0,1,replayed_after_load_shedding
39,5,3,14,0.864562445555034,0.0354375544449655,2.09936154594765,1,replayed_after_load_shedding
39,5,3,15,0.906046101963539,0,0,1,replayed_after_load_shedding
39,5,3,16,0.938354757767029,0,0,1,replayed_after_load_shedding
39,5,3,17,0.916491532456468,0,0,1,replayed_after_load_shedding
39,5,3,18,0.897482500396677,0.00251749960332337,0.146697190449912,1,replayed_after_load_shedding
39,5,3,19,1.01493961741788,0,0,1,replayed_after_load_shedding
39,5,3,20,0.96859437504236,0,0,1,replayed_after_load_shedding
39,5,3,21,0.952340291274272,0,0,1,replayed_after_load_shedding
39,5,3,22,0.979829541986822,0,0,1,replayed_after_load_shedding
39,5,3,23,0.96797881942485,0,0,1,replayed_after_load_shedding
39,5,3,24,0.946712709175883,0,0,1,replayed_after_load_shedding
39,5,3,25,0.989182936027648,0,0,1,replayed_after_load_shedding
39,5,3,26,0.949302442096881,0,0,1,replayed_after_load_shedding
39,5,3,27,0.918859724158742,0,0,1,replayed_after_load_shedding
39,5,3,28,0.986980023061305,0,0,1,replayed_after_load_shedding
39,5,3,29,0.998683051290892,0,0,1,replayed_after_load_shedding
39,5,3,30,0.999999999999999,0,0,1,replayed_after_load_shedding
39,5,3,31,0.982,0,0,1,replayed_after_load_shedding
39,5,3,32,0.9841,0,0,1,replayed_after_load_shedding
39,5,3,33,1,0,0,1,replayed_after_load_shedding
39,5,3,34,1,0,0,1,replayed_after_load_shedding
39,5,3,35,1,0,0,1,replayed_after_load_shedding
39,5,3,36,1.0636,0,0,1,replayed_after_load_shedding
39,5,3,37,0.999999999999999,0,0,1,replayed_after_load_shedding
39,5,3,38,1,0,0,1,replayed_after_load_shedding
39,5,3,39,0.999999999999999,0,0,1,replayed_after_load_shedding
39,6,1,1,1.00489577959945,0,0,1,replayed_pf_result
39,6,1,2,1.01086804250306,0,0,1,replayed_pf_result
39,6,1,3,0.994510474350353,0,0,1,replayed_pf_result
39,6,1,4,0.968808607377073,0,0,1,replayed_pf_result
39,6,1,5,0.970652454814043,0,0,1,replayed_pf_result
39,6,1,6,0.974188966950331,0,0,1,replayed_pf_result
39,6,1,7,0.962262066472891,0,0,1,replayed_pf_result
39,6,1,8,0.961167669304098,0,0,1,replayed_pf_result
39,6,1,9,1.00278350067151,0,0,1,replayed_pf_result
39,6,1,10,0.995649084016779,0,0,1,replayed_pf_result
39,6,1,11,0.987278910923248,0,0,1,replayed_pf_result
39,6,1,12,0.974207645582538,0,0,1,replayed_pf_result
39,6,1,13,0.989302071967621,0,0,1,replayed_pf_result
39,6,1,14,0.980467301549685,0,0,1,replayed_pf_result
39,6,1,15,0.983496507524158,0,0,1,replayed_pf_result
39,6,1,16,1.00120406307779,0,0,1,replayed_pf_result
39,6,1,17,1.00108293442193,0,0,1,replayed_pf_result
39,6,1,18,0.997111609973165,0,0,1,replayed_pf_result
39,6,1,19,1.03741889004799,0,0,1,replayed_pf_result
39,6,1,20,0.978467490449945,0,0,1,replayed_pf_result
39,6,1,21,0.996455431155896,0,0,1,replayed_pf_result
39,6,1,22,1.0071125890097,0,0,1,replayed_pf_result
39,6,1,23,1.00095054906937,0,0,1,replayed_pf_result
39,6,1,24,1.00592052629268,0,0,1,replayed_pf_result
39,6,1,25,1.01818059364111,0,0,1,replayed_pf_result
39,6,1,26,1.01835547184107,0,0,1,replayed_pf_result
39,6,1,27,1.0042382891012,0,0,1,replayed_pf_result
39,6,1,28,1.02102605338727,0,0,1,replayed_pf_result
39,6,1,29,1.02194915856121,0,0,1,replayed_pf_result
39,6,1,30,1,0,0,1,replayed_pf_result
39,6,1,31,1,0,0,1,replayed_pf_result
39,6,1,32,1,0,0,1,replayed_pf_result
39,6,1,33,1,0,0,1,replayed_pf_result
39,6,1,34,1,0,0,1,replayed_pf_result
39,6,1,35,1,0,0,1,replayed_pf_result
39,6,1,36,1.0636,0,0,1,replayed_pf_result
39,6,1,37,1,0,0,1,replayed_pf_result
39,6,1,38,1,0,0,1,replayed_pf_result
39,6,1,39,1,0,0,1,replayed_pf_result
39,7,1,1,1.00489577959945,0,0,1,replayed_pf_result
39,7,1,2,1.01086804250306,0,0,1,replayed_pf_result
39,7,1,3,0.994510474350353,0,0,1,replayed_pf_result
39,7,1,4,0.968808607377073,0,0,1,replayed_pf_result
39,7,1,5,0.970652454814043,0,0,1,replayed_pf_result
39,7,1,6,0.974188966950331,0,0,1,replayed_pf_result
39,7,1,7,0.962262066472891,0,0,1,replayed_pf_result
39,7,1,8,0.961167669304098,0,0,1,replayed_pf_result
39,7,1,9,1.00278350067151,0,0,1,replayed_pf_result
39,7,1,10,0.995649084016779,0,0,1,replayed_pf_result
39,7,1,11,0.987278910923248,0,0,1,replayed_pf_result
39,7,1,12,0.974207645582538,0,0,1,replayed_pf_result
39,7,1,13,0.989302071967621,0,0,1,replayed_pf_result
39,7,1,14,0.980467301549685,0,0,1,replayed_pf_result
39,7,1,15,0.983496507524158,0,0,1,replayed_pf_result
39,7,1,16,1.00120406307779,0,0,1,replayed_pf_result
39,7,1,17,1.00108293442193,0,0,1,replayed_pf_result
39,7,1,18,0.997111609973165,0,0,1,replayed_pf_result
39,7,1,19,1.03741889004799,0,0,1,replayed_pf_result
39,7,1,20,0.978467490449945,0,0,1,replayed_pf_result
39,7,1,21,0.996455431155896,0,0,1,replayed_pf_result
39,7,1,22,1.0071125890097,0,0,1,replayed_pf_result
39,7,1,23,1.00095054906937,0,0,1,replayed_pf_result
39,7,1,24,1.00592052629268,0,0,1,replayed_pf_result
39,7,1,25,1.01818059364111,0,0,1,replayed_pf_result
39,7,1,26,1.01835547184107,0,0,1,replayed_pf_result
39,7,1,27,1.0042382891012,0,0,1,replayed_pf_result
39,7,1,28,1.02102605338727,0,0,1,replayed_pf_result
39,7,1,29,1.02194915856121,0,0,1,replayed_pf_result
39,7,1,30,1,0,0,1,replayed_pf_result
39,7,1,31,1,0,0,1,replayed_pf_result
39,7,1,32,1,0,0,1,replayed_pf_result
39,7,1,33,1,0,0,1,replayed_pf_result
39,7,1,34,1,0,0,1,replayed_pf_result
39,7,1,35,1,0,0,1,replayed_pf_result
39,7,1,36,1.0636,0,0,1,replayed_pf_result
39,7,1,37,1,0,0,1,replayed_pf_result
39,7,1,38,1,0,0,1,replayed_pf_result
39,7,1,39,1,0,0,1,replayed_pf_result
39,8,1,1,1.00489577959945,0,0,1,replayed_pf_result
39,8,1,2,1.01086804250306,0,0,1,replayed_pf_result
39,8,1,3,0.994510474350353,0,0,1,replayed_pf_result
39,8,1,4,0.968808607377073,0,0,1,replayed_pf_result
39,8,1,5,0.970652454814043,0,0,1,replayed_pf_result
39,8,1,6,0.974188966950331,0,0,1,replayed_pf_result
39,8,1,7,0.962262066472891,0,0,1,replayed_pf_result
39,8,1,8,0.961167669304098,0,0,1,replayed_pf_result
39,8,1,9,1.00278350067151,0,0,1,replayed_pf_result
39,8,1,10,0.995649084016779,0,0,1,replayed_pf_result
39,8,1,11,0.987278910923248,0,0,1,replayed_pf_result
39,8,1,12,0.974207645582538,0,0,1,replayed_pf_result
39,8,1,13,0.989302071967621,0,0,1,replayed_pf_result
39,8,1,14,0.980467301549685,0,0,1,replayed_pf_result
39,8,1,15,0.983496507524158,0,0,1,replayed_pf_result
39,8,1,16,1.00120406307779,0,0,1,replayed_pf_result
39,8,1,17,1.00108293442193,0,0,1,replayed_pf_result
39,8,1,18,0.997111609973165,0,0,1,replayed_pf_result
39,8,1,19,1.03741889004799,0,0,1,replayed_pf_result
39,8,1,20,0.978467490449945,0,0,1,replayed_pf_result
39,8,1,21,0.996455431155896,0,0,1,replayed_pf_result
39,8,1,22,1.0071125890097,0,0,1,replayed_pf_result
39,8,1,23,1.00095054906937,0,0,1,replayed_pf_result
39,8,1,24,1.00592052629268,0,0,1,replayed_pf_result
39,8,1,25,1.01818059364111,0,0,1,replayed_pf_result
39,8,1,26,1.01835547184107,0,0,1,replayed_pf_result
39,8,1,27,1.0042382891012,0,0,1,replayed_pf_result
39,8,1,28,1.02102605338727,0,0,1,replayed_pf_result
39,8,1,29,1.02194915856121,0,0,1,replayed_pf_result
39,8,1,30,1,0,0,1,replayed_pf_result
39,8,1,31,1,0,0,1,replayed_pf_result
39,8,1,32,1,0,0,1,replayed_pf_result
39,8,1,33,1,0,0,1,replayed_pf_result
39,8,1,34,1,0,0,1,replayed_pf_result
39,8,1,35,1,0,0,1,replayed_pf_result
39,8,1,36,1.0636,0,0,1,replayed_pf_result
39,8,1,37,1,0,0,1,replayed_pf_result
39,8,1,38,1,0,0,1,replayed_pf_result
39,8,1,39,1,0,0,1,replayed_pf_result
39,9,1,1,1.00489577959945,0,0,1,replayed_pf_result
39,9,1,2,1.01086804250306,0,0,1,replayed_pf_result
39,9,1,3,0.994510474350353,0,0,1,replayed_pf_result
39,9,1,4,0.968808607377073,0,0,1,replayed_pf_result
39,9,1,5,0.970652454814043,0,0,1,replayed_pf_result
39,9,1,6,0.974188966950331,0,0,1,replayed_pf_result
39,9,1,7,0.962262066472891,0,0,1,replayed_pf_result
39,9,1,8,0.961167669304098,0,0,1,replayed_pf_result
39,9,1,9,1.00278350067151,0,0,1,replayed_pf_result
39,9,1,10,0.995649084016779,0,0,1,replayed_pf_result
39,9,1,11,0.987278910923248,0,0,1,replayed_pf_result
39,9,1,12,0.974207645582538,0,0,1,replayed_pf_result
39,9,1,13,0.989302071967621,0,0,1,replayed_pf_result
39,9,1,14,0.980467301549685,0,0,1,replayed_pf_result
39,9,1,15,0.983496507524158,0,0,1,replayed_pf_result
39,9,1,16,1.00120406307779,0,0,1,replayed_pf_result
39,9,1,17,1.00108293442193,0,0,1,replayed_pf_result
39,9,1,18,0.997111609973165,0,0,1,replayed_pf_result
39,9,1,19,1.03741889004799,0,0,1,replayed_pf_result
39,9,1,20,0.978467490449945,0,0,1,replayed_pf_result
39,9,1,21,0.996455431155896,0,0,1,replayed_pf_result
39,9,1,22,1.0071125890097,0,0,1,replayed_pf_result
39,9,1,23,1.00095054906937,0,0,1,replayed_pf_result
39,9,1,24,1.00592052629268,0,0,1,replayed_pf_result
39,9,1,25,1.01818059364111,0,0,1,replayed_pf_result
39,9,1,26,1.01835547184107,0,0,1,replayed_pf_result
39,9,1,27,1.0042382891012,0,0,1,replayed_pf_result
39,9,1,28,1.02102605338727,0,0,1,replayed_pf_result
39,9,1,29,1.02194915856121,0,0,1,replayed_pf_result
39,9,1,30,1,0,0,1,replayed_pf_result
39,9,1,31,1,0,0,1,replayed_pf_result
39,9,1,32,1,0,0,1,replayed_pf_result
39,9,1,33,1,0,0,1,replayed_pf_result
39,9,1,34,1,0,0,1,replayed_pf_result
39,9,1,35,1,0,0,1,replayed_pf_result
39,9,1,36,1.0636,0,0,1,replayed_pf_result
39,9,1,37,1,0,0,1,replayed_pf_result
39,9,1,38,1,0,0,1,replayed_pf_result
39,9,1,39,1,0,0,1,replayed_pf_result
39,9,2,1,1.0043347274256,0,0,1,replayed_pf_result
39,9,2,2,1.00708623697975,0,0,1,replayed_pf_result
39,9,2,3,0.984527576489349,0,0,1,replayed_pf_result
39,9,2,4,0.94950822843845,0,0,1,replayed_pf_result
39,9,2,5,0.955371643700438,0,0,1,replayed_pf_result
39,9,2,6,0.960795866404467,0,0,1,replayed_pf_result
39,9,2,7,0.948235965236157,0,0,1,replayed_pf_result
39,9,2,8,0.947080031123092,0,0,1,replayed_pf_result
39,9,2,9,0.995911548909663,0,0,1,replayed_pf_result
39,9,2,10,0.994336426640397,0,0,1,replayed_pf_result
39,9,2,11,0.979578963345219,0,0,1,replayed_pf_result
39,9,2,12,0.948057467138573,0,0,1,replayed_pf_result
39,9,2,13,0.954802640004297,0,0,1,replayed_pf_result
39,9,2,14,0.956995323685819,0,0,1,replayed_pf_result
39,9,2,15,0.970848994584283,0,0,1,replayed_pf_result
39,9,2,16,0.993110263450477,0,0,1,replayed_pf_result
39,9,2,17,0.992845180986001,0,0,1,replayed_pf_result
39,9,2,18,0.988088194572296,0,0,1,replayed_pf_result
39,9,2,19,1.03444276196977,0,0,1,replayed_pf_result
39,9,2,20,0.976842582274485,0,0,1,replayed_pf_result
39,9,2,21,0.990399061085093,0,0,1,replayed_pf_result
39,9,2,22,1.00330981590792,0,0,1,replayed_pf_result
39,9,2,23,0.996285480235719,0,0,1,replayed_pf_result
39,9,2,24,0.998339270363166,0,0,1,replayed_pf_result
39,9,2,25,1.01426096651772,0,0,1,replayed_pf_result
39,9,2,26,1.01330544329313,0,0,1,replayed_pf_result
39,9,2,27,0.99757024807442,0,0,1,replayed_pf_result
39,9,2,28,1.01842064885107,0,0,1,replayed_pf_result
39,9,2,29,1.02016357668305,0,0,1,replayed_pf_result
39,9,2,30,1,0,0,1,replayed_pf_result
39,9,2,31,1,0,0,1,replayed_pf_result
39,9,2,32,1,0,0,1,replayed_pf_result
39,9,2,33,1,0,0,1,replayed_pf_result
39,9,2,34,1,0,0,1,replayed_pf_result
39,9,2,35,1,0,0,1,replayed_pf_result
39,9,2,36,1.0636,0,0,1,replayed_pf_result
39,9,2,37,1,0,0,1,replayed_pf_result
39,9,2,38,1,0,0,1,replayed_pf_result
39,9,2,39,1,0,0,1,replayed_pf_result
39,9,3,1,0.987120770551175,0,0,1,replayed_after_load_shedding
39,9,3,2,0.9851864696024,0,0,1,replayed_after_load_shedding
39,9,3,3,0.948395045474895,0,0,1,replayed_after_load_shedding
39,9,3,4,0.902250393765285,0,0,1,replayed_after_load_shedding
39,9,3,5,0.734978923136224,0.165021076863776,10.4417083338627,1,replayed_after_load_shedding
39,9,3,6,0.735970032119894,0.164029967880106,10.3737129296756,1,replayed_after_load_shedding
39,9,3,7,0.728168703552669,0.171831296447331,10.9107529125405,1,replayed_after_load_shedding
39,9,3,8,0.72992282368012,0.17007717631988,10.7896346947361,1,replayed_after_load_shedding
39,9,3,9,0.878553270517911,0.0214467294820886,1.2616302630401,1,replayed_after_load_shedding
39,9,3,10,1.0178431,0,0,1,replayed_after_load_shedding
39,9,3,11,0.745212828357774,0.154787171642226,9.74284160195904,1,replayed_after_load_shedding
39,9,3,12,0.796839560693218,0.103160439306782,6.32429832736945,1,replayed_after_load_shedding
39,9,3,13,0.882618652416687,0.0173813475833126,1.0203961838199,1,replayed_after_load_shedding
39,9,3,14,0.9029053796312,0,0,1,replayed_after_load_shedding
39,9,3,15,0.941109827151142,0,0,1,replayed_after_load_shedding
39,9,3,16,0.972279566766868,0,0,1,replayed_after_load_shedding
39,9,3,17,0.968292307392129,0,0,1,replayed_after_load_shedding
39,9,3,18,0.959286696258841,0,0,1,replayed_after_load_shedding
39,9,3,19,1.02717830471685,0,0,1,replayed_after_load_shedding
39,9,3,20,0.97409502962903,0,0,1,replayed_after_load_shedding
39,9,3,21,0.976257868411774,0,0,1,replayed_after_load_shedding
39,9,3,22,0.994640218193696,0,0,1,replayed_after_load_shedding
39,9,3,23,0.98589633712582,0,0,1,replayed_after_load_shedding
39,9,3,24,0.978670705034722,0,0,1,replayed_after_load_shedding
39,9,3,25,0.995220900022198,0,0,1,replayed_after_load_shedding
39,9,3,26,0.994569878671288,0,0,1,replayed_after_load_shedding
39,9,3,27,0.975641590477688,0,0,1,replayed_after_load_shedding
39,9,3,28,1.00959233915353,0,0,1,replayed_after_load_shedding
39,9,3,29,1.01414994214959,0,0,1,replayed_after_load_shedding
39,9,3,30,1,0,0,1,replayed_after_load_shedding
39,9,3,31,0.982,0,0,1,replayed_after_load_shedding
39,9,3,32,0.9841,0,0,1,replayed_after_load_shedding
39,9,3,33,1,0,0,1,replayed_after_load_shedding
39,9,3,34,1,0,0,1,replayed_after_load_shedding
39,9,3,35,1,0,0,1,replayed_after_load_shedding
39,9,3,36,1.0636,0,0,1,replayed_after_load_shedding
39,9,3,37,1,0,0,1,replayed_after_load_shedding
39,9,3,38,1,0,0,1,replayed_after_load_shedding
39,9,3,39,0.999999999999999,0,0,1,replayed_after_load_shedding
39,9,4,1,1.00935950791572,0,0,1,replayed_after_load_shedding
39,9,4,2,1.01119226796216,0,0,1,replayed_after_load_shedding
39,9,4,3,0.828717739491972,0.0712822605080282,4.29989405681522,1,replayed_after_load_shedding
39,9,4,4,0.795842749054664,0.104157250945336,6.38864664327219,1,replayed_after_load_shedding
39,9,4,5,0.624912176254277,0.275087823745723,18.4280772429615,1,replayed_after_load_shedding
39,9,4,6,0.62575401465679,0.27424598534321,18.3635978901385,1,replayed_after_load_shedding
39,9,4,7,0.618263572530687,0.281736427469313,18.9392288151866,1,replayed_after_load_shedding
39,9,4,8,0.620719101991402,0.279280898008598,18.7500492490067,1,replayed_after_load_shedding
39,9,4,9,0.821731949337496,0.0782680506625038,4.73801746663561,1,replayed_after_load_shedding
39,9,4,10,1.0178431,0,0,1,replayed_after_load_shedding
39,9,4,11,0.63435206655754,0.26564793344246,17.7081419892112,1,replayed_after_load_shedding
39,9,4,12,0.68758290814727,0.21241709185273,13.7732690824614,1,replayed_after_load_shedding
39,9,4,13,0.781813311805056,0.118186688194944,7.30114226266753,1,replayed_after_load_shedding
39,9,4,14,0.803878374629536,0.0961216253704643,5.8717348163634,1,replayed_after_load_shedding
39,9,4,15,0.863560269247511,0.0364397307524894,2.15982009306704,1,replayed_after_load_shedding
39,9,4,16,0.905296233717984,0,0,1,replayed_after_load_shedding
39,9,4,17,0.875033960577771,0.0249660394222286,1.47125462209313,1,replayed_after_load_shedding
39,9,4,18,0.85413766735881,0.0458623326411901,2.73123256806889,1,replayed_after_load_shedding
39,9,4,19,1.00274099106657,0,0,1,replayed_after_load_shedding
39,9,4,20,0.961837940214624,0,0,1,replayed_after_load_shedding
39,9,4,21,0.927478673246683,0,0,1,replayed_after_load_shedding
39,9,4,22,0.964195061537607,0,0,1,replayed_after_load_shedding
39,9,4,23,0.948782722559495,0,0,1,replayed_after_load_shedding
39,9,4,24,0.915761093443924,0,0,1,replayed_after_load_shedding
39,9,4,25,0.969160672463954,0,0,1,replayed_after_load_shedding
39,9,4,26,0.908994388384583,0,0,1,replayed_after_load_shedding
39,9,4,27,0.871722381131794,0.0282776188682061,1.66918055154949,1,replayed_after_load_shedding
39,9,4,28,0.966088920133366,0,0,1,replayed_after_load_shedding
39,9,4,29,0.984357939262382,0,0,1,replayed_after_load_shedding
39,9,4,30,1,0,0,1,replayed_after_load_shedding
39,9,4,31,0.982,0,0,1,replayed_after_load_shedding
39,9,4,32,0.9841,0,0,1,replayed_after_load_shedding
39,9,4,33,1,0,0,1,replayed_after_load_shedding
39,9,4,34,1,0,0,1,replayed_after_load_shedding
39,9,4,35,1,0,0,1,replayed_after_load_shedding
39,9,4,36,1.0636,0,0,1,replayed_after_load_shedding
39,9,4,37,1,0,0,1,replayed_after_load_shedding
39,9,4,38,1,0,0,1,replayed_after_load_shedding
39,9,4,39,0.999999999999999,0,0,1,replayed_after_load_shedding
39,10,1,1,1.00489577959945,0,0,1,replayed_pf_result
39,10,1,2,1.01086804250306,0,0,1,replayed_pf_result
39,10,1,3,0.994510474350353,0,0,1,replayed_pf_result
39,10,1,4,0.968808607377073,0,0,1,replayed_pf_result
39,10,1,5,0.970652454814043,0,0,1,replayed_pf_result
39,10,1,6,0.974188966950331,0,0,1,replayed_pf_result
39,10,1,7,0.962262066472891,0,0,1,replayed_pf_result
39,10,1,8,0.961167669304098,0,0,1,replayed_pf_result
39,10,1,9,1.00278350067151,0,0,1,replayed_pf_result
39,10,1,10,0.995649084016779,0,0,1,replayed_pf_result
39,10,1,11,0.987278910923248,0,0,1,replayed_pf_result
39,10,1,12,0.974207645582538,0,0,1,replayed_pf_result
39,10,1,13,0.989302071967621,0,0,1,replayed_pf_result
39,10,1,14,0.980467301549685,0,0,1,replayed_pf_result
39,10,1,15,0.983496507524158,0,0,1,replayed_pf_result
39,10,1,16,1.00120406307779,0,0,1,replayed_pf_result
39,10,1,17,1.00108293442193,0,0,1,replayed_pf_result
39,10,1,18,0.997111609973165,0,0,1,replayed_pf_result
39,10,1,19,1.03741889004799,0,0,1,replayed_pf_result
39,10,1,20,0.978467490449945,0,0,1,replayed_pf_result
39,10,1,21,0.996455431155896,0,0,1,replayed_pf_result
39,10,1,22,1.0071125890097,0,0,1,replayed_pf_result
39,10,1,23,1.00095054906937,0,0,1,replayed_pf_result
39,10,1,24,1.00592052629268,0,0,1,replayed_pf_result
39,10,1,25,1.01818059364111,0,0,1,replayed_pf_result
39,10,1,26,1.01835547184107,0,0,1,replayed_pf_result
39,10,1,27,1.0042382891012,0,0,1,replayed_pf_result
39,10,1,28,1.02102605338727,0,0,1,replayed_pf_result
39,10,1,29,1.02194915856121,0,0,1,replayed_pf_result
39,10,1,30,1,0,0,1,replayed_pf_result
39,10,1,31,1,0,0,1,replayed_pf_result
39,10,1,32,1,0,0,1,replayed_pf_result
39,10,1,33,1,0,0,1,replayed_pf_result
39,10,1,34,1,0,0,1,replayed_pf_result
39,10,1,35,1,0,0,1,replayed_pf_result
39,10,1,36,1.0636,0,0,1,replayed_pf_result
39,10,1,37,1,0,0,1,replayed_pf_result
39,10,1,38,1,0,0,1,replayed_pf_result
39,10,1,39,1,0,0,1,replayed_pf_result
39,11,1,1,1.00489577959945,0,0,1,replayed_pf_result
39,11,1,2,1.01086804250306,0,0,1,replayed_pf_result
39,11,1,3,0.994510474350353,0,0,1,replayed_pf_result
39,11,1,4,0.968808607377073,0,0,1,replayed_pf_result
39,11,1,5,0.970652454814043,0,0,1,replayed_pf_result
39,11,1,6,0.974188966950331,0,0,1,replayed_pf_result
39,11,1,7,0.962262066472891,0,0,1,replayed_pf_result
39,11,1,8,0.961167669304098,0,0,1,replayed_pf_result
39,11,1,9,1.00278350067151,0,0,1,replayed_pf_result
39,11,1,10,0.995649084016779,0,0,1,replayed_pf_result
39,11,1,11,0.987278910923248,0,0,1,replayed_pf_result
39,11,1,12,0.974207645582538,0,0,1,replayed_pf_result
39,11,1,13,0.989302071967621,0,0,1,replayed_pf_result
39,11,1,14,0.980467301549685,0,0,1,replayed_pf_result
39,11,1,15,0.983496507524158,0,0,1,replayed_pf_result
39,11,1,16,1.00120406307779,0,0,1,replayed_pf_result
39,11,1,17,1.00108293442193,0,0,1,replayed_pf_result
39,11,1,18,0.997111609973165,0,0,1,replayed_pf_result
39,11,1,19,1.03741889004799,0,0,1,replayed_pf_result
39,11,1,20,0.978467490449945,0,0,1,replayed_pf_result
39,11,1,21,0.996455431155896,0,0,1,replayed_pf_result
39,11,1,22,1.0071125890097,0,0,1,replayed_pf_result
39,11,1,23,1.00095054906937,0,0,1,replayed_pf_result
39,11,1,24,1.00592052629268,0,0,1,replayed_pf_result
39,11,1,25,1.01818059364111,0,0,1,replayed_pf_result
39,11,1,26,1.01835547184107,0,0,1,replayed_pf_result
39,11,1,27,1.0042382891012,0,0,1,replayed_pf_result
39,11,1,28,1.02102605338727,0,0,1,replayed_pf_result
39,11,1,29,1.02194915856121,0,0,1,replayed_pf_result
39,11,1,30,1,0,0,1,replayed_pf_result
39,11,1,31,1,0,0,1,replayed_pf_result
39,11,1,32,1,0,0,1,replayed_pf_result
39,11,1,33,1,0,0,1,replayed_pf_result
39,11,1,34,1,0,0,1,replayed_pf_result
39,11,1,35,1,0,0,1,replayed_pf_result
39,11,1,36,1.0636,0,0,1,replayed_pf_result
39,11,1,37,1,0,0,1,replayed_pf_result
39,11,1,38,1,0,0,1,replayed_pf_result
39,11,1,39,1,0,0,1,replayed_pf_result
39,12,1,1,1.00489577959945,0,0,1,replayed_pf_result
39,12,1,2,1.01086804250306,0,0,1,replayed_pf_result
39,12,1,3,0.994510474350353,0,0,1,replayed_pf_result
39,12,1,4,0.968808607377073,0,0,1,replayed_pf_result
39,12,1,5,0.970652454814043,0,0,1,replayed_pf_result
39,12,1,6,0.974188966950331,0,0,1,replayed_pf_result
39,12,1,7,0.962262066472891,0,0,1,replayed_pf_result
39,12,1,8,0.961167669304098,0,0,1,replayed_pf_result
39,12,1,9,1.00278350067151,0,0,1,replayed_pf_result
39,12,1,10,0.995649084016779,0,0,1,replayed_pf_result
39,12,1,11,0.987278910923248,0,0,1,replayed_pf_result
39,12,1,12,0.974207645582538,0,0,1,replayed_pf_result
39,12,1,13,0.989302071967621,0,0,1,replayed_pf_result
39,12,1,14,0.980467301549685,0,0,1,replayed_pf_result
39,12,1,15,0.983496507524158,0,0,1,replayed_pf_result
39,12,1,16,1.00120406307779,0,0,1,replayed_pf_result
39,12,1,17,1.00108293442193,0,0,1,replayed_pf_result
39,12,1,18,0.997111609973165,0,0,1,replayed_pf_result
39,12,1,19,1.03741889004799,0,0,1,replayed_pf_result
39,12,1,20,0.978467490449945,0,0,1,replayed_pf_result
39,12,1,21,0.996455431155896,0,0,1,replayed_pf_result
39,12,1,22,1.0071125890097,0,0,1,replayed_pf_result
39,12,1,23,1.00095054906937,0,0,1,replayed_pf_result
39,12,1,24,1.00592052629268,0,0,1,replayed_pf_result
39,12,1,25,1.01818059364111,0,0,1,replayed_pf_result
39,12,1,26,1.01835547184107,0,0,1,replayed_pf_result
39,12,1,27,1.0042382891012,0,0,1,replayed_pf_result
39,12,1,28,1.02102605338727,0,0,1,replayed_pf_result
39,12,1,29,1.02194915856121,0,0,1,replayed_pf_result
39,12,1,30,1,0,0,1,replayed_pf_result
39,12,1,31,1,0,0,1,replayed_pf_result
39,12,1,32,1,0,0,1,replayed_pf_result
39,12,1,33,1,0,0,1,replayed_pf_result
39,12,1,34,1,0,0,1,replayed_pf_result
39,12,1,35,1,0,0,1,replayed_pf_result
39,12,1,36,1.0636,0,0,1,replayed_pf_result
39,12,1,37,1,0,0,1,replayed_pf_result
39,12,1,38,1,0,0,1,replayed_pf_result
39,12,1,39,1,0,0,1,replayed_pf_result
39,12,2,1,1.00568038301232,0,0,1,replayed_pf_result
39,12,2,2,1.00761775730704,0,0,1,replayed_pf_result
39,12,2,3,0.985765002166209,0,0,1,replayed_pf_result
39,12,2,4,0.951572947213274,0,0,1,replayed_pf_result
39,12,2,5,0.962245519037863,0,0,1,replayed_pf_result
39,12,2,6,0.965086763479043,0,0,1,replayed_pf_result
39,12,2,7,0.952703426595209,0,0,1,replayed_pf_result
39,12,2,8,0.951462021930227,0,0,1,replayed_pf_result
39,12,2,9,0.995703067454229,0,0,1,replayed_pf_result
39,12,2,10,0.98148283634701,0,0,1,replayed_pf_result
39,12,2,11,0.974359247524123,0,0,1,replayed_pf_result
39,12,2,12,0.958299046178207,0,0,1,replayed_pf_result
39,12,2,13,0.971979170148663,0,0,1,replayed_pf_result
39,12,2,14,0.960856617808038,0,0,1,replayed_pf_result
39,12,2,15,0.972023143803086,0,0,1,replayed_pf_result
39,12,2,16,0.99393776704297,0,0,1,replayed_pf_result
39,12,2,17,0.993985382997487,0,0,1,replayed_pf_result
39,12,2,18,0.989412691453725,0,0,1,replayed_pf_result
39,12,2,19,1.03474704704289,0,0,1,replayed_pf_result
39,12,2,20,0.977008720385413,0,0,1,replayed_pf_result
39,12,2,21,0.991018316922937,0,0,1,replayed_pf_result
39,12,2,22,1.00369865367518,0,0,1,replayed_pf_result
39,12,2,23,0.996762486455171,0,0,1,replayed_pf_result
39,12,2,24,0.999114363342808,0,0,1,replayed_pf_result
39,12,2,25,1.01519689415066,0,0,1,replayed_pf_result
39,12,2,26,1.01430124473349,0,0,1,replayed_pf_result
39,12,2,27,0.998693802694865,0,0,1,replayed_pf_result
39,12,2,28,1.01893441732268,0,0,1,replayed_pf_result
39,12,2,29,1.02051568188028,0,0,1,replayed_pf_result
39,12,2,30,1,0,0,1,replayed_pf_result
39,12,2,31,1,0,0,1,replayed_pf_result
39,12,2,32,1,0,0,1,replayed_pf_result
39,12,2,33,1,0,0,1,replayed_pf_result
39,12,2,34,1,0,0,1,replayed_pf_result
39,12,2,35,1,0,0,1,replayed_pf_result
39,12,2,36,1.0636,0,0,1,replayed_pf_result
39,12,2,37,1,0,0,1,replayed_pf_result
39,12,2,38,1,0,0,1,replayed_pf_result
39,12,2,39,1,0,0,1,replayed_pf_result
39,12,3,1,0.991736287087949,0,0,1,replayed_after_load_shedding
39,12,3,2,0.995399358040447,0,0,1,replayed_after_load_shedding
39,12,3,3,0.971496515038163,0,0,1,replayed_after_load_shedding
39,12,3,4,0.945840729684026,0,0,1,replayed_after_load_shedding
39,12,3,5,0.961839304492337,0,0,1,replayed_after_load_shedding
39,12,3,6,0.967878216808743,0,0,1,replayed_after_load_shedding
39,12,3,7,0.945604367567384,0,0,1,replayed_after_load_shedding
39,12,3,8,0.939662872950141,0,0,1,replayed_after_load_shedding
39,12,3,9,0.9589226865865,0,0,1,replayed_after_load_shedding
39,12,3,10,0.999642070963446,0,0,1,replayed_after_load_shedding
39,12,3,11,0.985871372161711,0,0,1,replayed_after_load_shedding
39,12,3,12,0.955150166193961,0,0,1,replayed_after_load_shedding
39,12,3,13,0.949453445520836,0,0,1,replayed_after_load_shedding
39,12,3,14,0.957235938361883,0,0,1,replayed_after_load_shedding
39,12,3,15,0.971313382205008,0,0,1,replayed_after_load_shedding
39,12,3,16,0.991412270295657,0,0,1,replayed_after_load_shedding
39,12,3,17,0.987203845092809,0,0,1,replayed_after_load_shedding
39,12,3,18,0.979881123294669,0,0,1,replayed_after_load_shedding
39,12,3,19,1.03421704010259,0,0,1,replayed_after_load_shedding
39,12,3,20,0.977931665150571,0,0,1,replayed_after_load_shedding
39,12,3,21,0.990559552582855,0,0,1,replayed_after_load_shedding
39,12,3,22,1.00361953697988,0,0,1,replayed_after_load_shedding
39,12,3,23,0.996909711631936,0,0,1,replayed_after_load_shedding
39,12,3,24,0.996594237381796,0,0,1,replayed_after_load_shedding
39,12,3,25,1.00351623100331,0,0,1,replayed_after_load_shedding
39,12,3,26,1.00535765953066,0,0,1,replayed_after_load_shedding
39,12,3,27,0.990376275230701,0,0,1,replayed_after_load_shedding
39,12,3,28,1.01515747093343,0,0,1,replayed_after_load_shedding
39,12,3,29,1.01796443262282,0,0,1,replayed_after_load_shedding
39,12,3,30,1,0,0,1,replayed_after_load_shedding
39,12,3,31,1,0,0,1,replayed_after_load_shedding
39,12,3,32,1,0,0,1,replayed_after_load_shedding
39,12,3,33,1,0,0,1,replayed_after_load_shedding
39,12,3,34,1,0,0,1,replayed_after_load_shedding
39,12,3,35,1,0,0,1,replayed_after_load_shedding
39,12,3,36,1.0636,0,0,1,replayed_after_load_shedding
39,12,3,37,1,0,0,1,replayed_after_load_shedding
39,12,3,38,1,0,0,1,replayed_after_load_shedding
39,12,3,39,1,0,0,1,replayed_after_load_shedding
39,12,4,1,1.00820370573459,0,0,1,replayed_after_load_shedding
39,12,4,2,1.01043861049343,0,0,1,replayed_after_load_shedding
39,12,4,3,0.870953149825046,0.0290468501749541,1.71524972441191,1,replayed_after_load_shedding
39,12,4,4,0.856817177938583,0.0431828220614171,2.56819145992015,1,replayed_after_load_shedding
39,12,4,5,0.959095408578984,0,0,1,replayed_after_load_shedding
39,12,4,6,0.966437852612124,0,0,1,replayed_after_load_shedding
39,12,4,7,0.931777413891906,0,0,1,replayed_after_load_shedding
39,12,4,8,0.935826198195107,0,0,1,replayed_after_load_shedding
39,12,4,9,0.98496057773299,0,0,1,replayed_after_load_shedding
39,12,4,10,1.0178431,0,0,1,replayed_after_load_shedding
39,12,4,11,1.0133858,0,0,1,replayed_after_load_shedding
39,12,4,12,1.000815,0,0,1,replayed_after_load_shedding
39,12,4,13,1.014923,0,0,1,replayed_after_load_shedding
39,12,4,14,0.873756393762199,0.0262436062378014,1.54753437685535,1,replayed_after_load_shedding
39,12,4,15,0.90142281610502,0,0,1,replayed_after_load_shedding
39,12,4,16,0.928959613957582,0,0,1,replayed_after_load_shedding
39,12,4,17,0.89813076837191,0.00186923162809027,0.108886662221241,1,replayed_after_load_shedding
39,12,4,18,0.884584558235689,0.0154154417643113,0.904093399186319,1,replayed_after_load_shedding
39,12,4,19,1.01146048769106,0,0,1,replayed_after_load_shedding
39,12,4,20,0.96658568885931,0,0,1,replayed_after_load_shedding
39,12,4,21,0.945173478953736,0,0,1,replayed_after_load_shedding
39,12,4,22,0.975308310308702,0,0,1,replayed_after_load_shedding
39,12,4,23,0.962409971967306,0,0,1,replayed_after_load_shedding
39,12,4,24,0.937929412605897,0,0,1,replayed_after_load_shedding
39,12,4,25,0.963805536267356,0,0,1,replayed_after_load_shedding
39,12,4,26,0.908611027599138,0,0,1,replayed_after_load_shedding
39,12,4,27,0.880043910666115,0.0199560893338848,1.17306386857122,1,replayed_after_load_shedding
39,12,4,28,0.965890822122456,0,0,1,replayed_after_load_shedding
39,12,4,29,0.984222129797991,0,0,1,replayed_after_load_shedding
39,12,4,30,1,0,0,1,replayed_after_load_shedding
39,12,4,31,1,0,0,1,replayed_after_load_shedding
39,12,4,32,0.9841,0,0,1,replayed_after_load_shedding
39,12,4,33,1,0,0,1,replayed_after_load_shedding
39,12,4,34,1,0,0,1,replayed_after_load_shedding
39,12,4,35,1,0,0,1,replayed_after_load_shedding
39,12,4,36,1.0636,0,0,1,replayed_after_load_shedding
39,12,4,37,1,0,0,1,replayed_after_load_shedding
39,12,4,38,1,0,0,1,replayed_after_load_shedding
39,12,4,39,1,0,0,1,replayed_after_load_shedding
39,12,5,1,1.0393836,0,0,1,replayed_pf_result
39,12,5,2,1.0484941,0,0,1,replayed_pf_result
39,12,5,3,0.872097954372821,0.0279020456271789,1.64670038593833,1,replayed_pf_result
39,12,5,4,0.852210315520853,0.0477896844791474,2.84877724032541,1,replayed_pf_result
39,12,5,5,1.0060063,0,0,1,replayed_pf_result
39,12,5,6,1.0082256,0,0,1,replayed_pf_result
39,12,5,7,0.99839728,0,0,1,replayed_pf_result
39,12,5,8,0.99787232,0,0,1,replayed_pf_result
39,12,5,9,1.038332,0,0,1,replayed_pf_result
39,12,5,10,1.0178431,0,0,1,replayed_pf_result
39,12,5,11,1.0133858,0,0,1,replayed_pf_result
39,12,5,12,1.000815,0,0,1,replayed_pf_result
39,12,5,13,1.014923,0,0,1,replayed_pf_result
39,12,5,14,0.865903543208583,0.0340964567914167,2.01855153667278,1,replayed_pf_result
39,12,5,15,0.890660513387605,0.0093394866123947,0.546082461796676,1,replayed_pf_result
39,12,5,16,0.918287859128438,0,0,1,replayed_pf_result
39,12,5,17,0.90194822970075,0,0,1,replayed_pf_result
39,12,5,18,0.887914881175309,0.0120851188246913,0.707592825279233,1,replayed_pf_result
39,12,5,19,1.00752851790199,0,0,1,replayed_pf_result
39,12,5,20,0.964444814678365,0,0,1,replayed_pf_result
39,12,5,21,0.921161772908816,0,0,1,replayed_pf_result
39,12,5,22,0.950068732271567,0,0,1,replayed_pf_result
39,12,5,23,0.935594078510442,0,0,1,replayed_pf_result
39,12,5,24,0.923140414833487,0,0,1,replayed_pf_result
39,12,5,25,1.0576827,0,0,1,replayed_pf_result
39,12,5,26,1.0525613,0,0,1,replayed_pf_result
39,12,5,27,1.0383449,0,0,1,replayed_pf_result
39,12,5,28,1.0503737,0,0,1,replayed_pf_result
39,12,5,29,1.0501149,0,0,1,replayed_pf_result
39,12,5,30,1.0499,0,0,1,replayed_pf_result
39,12,5,31,0.982,0,0,1,replayed_pf_result
39,12,5,32,0.9841,0,0,1,replayed_pf_result
39,12,5,33,1,0,0,1,replayed_pf_result
39,12,5,34,1,0,0,1,replayed_pf_result
39,12,5,35,1,0,0,1,replayed_pf_result
39,12,5,36,1.0636,0,0,1,replayed_pf_result
39,12,5,37,1.0275,0,0,1,replayed_pf_result
39,12,5,38,1.0265,0,0,1,replayed_pf_result
39,12,5,39,1.03,0,0,1,replayed_pf_result
39,13,1,1,1.00489577959945,0,0,1,replayed_pf_result
39,13,1,2,1.01086804250306,0,0,1,replayed_pf_result
39,13,1,3,0.994510474350353,0,0,1,replayed_pf_result
39,13,1,4,0.968808607377073,0,0,1,replayed_pf_result
39,13,1,5,0.970652454814043,0,0,1,replayed_pf_result
39,13,1,6,0.974188966950331,0,0,1,replayed_pf_result
39,13,1,7,0.962262066472891,0,0,1,replayed_pf_result
39,13,1,8,0.961167669304098,0,0,1,replayed_pf_result
39,13,1,9,1.00278350067151,0,0,1,replayed_pf_result
39,13,1,10,0.995649084016779,0,0,1,replayed_pf_result
39,13,1,11,0.987278910923248,0,0,1,replayed_pf_result
39,13,1,12,0.974207645582538,0,0,1,replayed_pf_result
39,13,1,13,0.989302071967621,0,0,1,replayed_pf_result
39,13,1,14,0.980467301549685,0,0,1,replayed_pf_result
39,13,1,15,0.983496507524158,0,0,1,replayed_pf_result
39,13,1,16,1.00120406307779,0,0,1,replayed_pf_result
39,13,1,17,1.00108293442193,0,0,1,replayed_pf_result
39,13,1,18,0.997111609973165,0,0,1,replayed_pf_result
39,13,1,19,1.03741889004799,0,0,1,replayed_pf_result
39,13,1,20,0.978467490449945,0,0,1,replayed_pf_result
39,13,1,21,0.996455431155896,0,0,1,replayed_pf_result
39,13,1,22,1.0071125890097,0,0,1,replayed_pf_result
39,13,1,23,1.00095054906937,0,0,1,replayed_pf_result
39,13,1,24,1.00592052629268,0,0,1,replayed_pf_result
39,13,1,25,1.01818059364111,0,0,1,replayed_pf_result
39,13,1,26,1.01835547184107,0,0,1,replayed_pf_result
39,13,1,27,1.0042382891012,0,0,1,replayed_pf_result
39,13,1,28,1.02102605338727,0,0,1,replayed_pf_result
39,13,1,29,1.02194915856121,0,0,1,replayed_pf_result
39,13,1,30,1,0,0,1,replayed_pf_result
39,13,1,31,1,0,0,1,replayed_pf_result
39,13,1,32,1,0,0,1,replayed_pf_result
39,13,1,33,1,0,0,1,replayed_pf_result
39,13,1,34,1,0,0,1,replayed_pf_result
39,13,1,35,1,0,0,1,replayed_pf_result
39,13,1,36,1.0636,0,0,1,replayed_pf_result
39,13,1,37,1,0,0,1,replayed_pf_result
39,13,1,38,1,0,0,1,replayed_pf_result
39,13,1,39,1,0,0,1,replayed_pf_result
39,13,2,1,1.00429638127748,0,0,1,replayed_pf_result
39,13,2,2,1.00589457457182,0,0,1,replayed_pf_result
39,13,2,3,0.981156768235134,0,0,1,replayed_pf_result
39,13,2,4,0.94256062697975,0,0,1,replayed_pf_result
39,13,2,5,0.947743928005129,0,0,1,replayed_pf_result
39,13,2,6,0.953910498485687,0,0,1,replayed_pf_result
39,13,2,7,0.941039735197742,0,0,1,replayed_pf_result
39,13,2,8,0.939879031460992,0,0,1,replayed_pf_result
39,13,2,9,0.992282748093031,0,0,1,replayed_pf_result
39,13,2,10,0.98905185820635,0,0,1,replayed_pf_result
39,13,2,11,0.975583558734554,0,0,1,replayed_pf_result
39,13,2,12,0.966800298142253,0,0,1,replayed_pf_result
39,13,2,13,0.986596696925469,0,0,1,replayed_pf_result
39,13,2,14,0.953209787459688,0,0,1,replayed_pf_result
39,13,2,15,0.968604878518033,0,0,1,replayed_pf_result
39,13,2,16,0.9913734818338,0,0,1,replayed_pf_result
39,13,2,17,0.990627454626454,0,0,1,replayed_pf_result
39,13,2,18,0.985362969726918,0,0,1,replayed_pf_result
39,13,2,19,1.03380411612381,0,0,1,replayed_pf_result
39,13,2,20,0.976493881629787,0,0,1,replayed_pf_result
39,13,2,21,0.989099311291992,0,0,1,replayed_pf_result
39,13,2,22,1.00249368137132,0,0,1,replayed_pf_result
39,13,2,23,0.995284289952813,0,0,1,replayed_pf_result
39,13,2,24,0.99671249560924,0,0,1,replayed_pf_result
39,13,2,25,1.01285928776828,0,0,1,replayed_pf_result
39,13,2,26,1.0117170533043,0,0,1,replayed_pf_result
39,13,2,27,0.995624326400209,0,0,1,replayed_pf_result
39,13,2,28,1.01760112727446,0,0,1,replayed_pf_result
39,13,2,29,1.01960192686761,0,0,1,replayed_pf_result
39,13,2,30,1,0,0,1,replayed_pf_result
39,13,2,31,1,0,0,1,replayed_pf_result
39,13,2,32,1,0,0,1,replayed_pf_result
39,13,2,33,1,0,0,1,replayed_pf_result
39,13,2,34,1,0,0,1,replayed_pf_result
39,13,2,35,1,0,0,1,replayed_pf_result
39,13,2,36,1.0636,0,0,1,replayed_pf_result
39,13,2,37,1,0,0,1,replayed_pf_result
39,13,2,38,1,0,0,1,replayed_pf_result
39,13,2,39,1,0,0,1,replayed_pf_result
39,13,3,1,1.00430566356599,0,0,1,replayed_after_load_shedding
39,13,3,2,1.00520991258816,0,0,1,replayed_after_load_shedding
39,13,3,3,0.985489660947317,0,0,1,replayed_after_load_shedding
39,13,3,4,0.961327867796118,0,0,1,replayed_after_load_shedding
39,13,3,5,0.900383276783464,0,0,1,replayed_after_load_shedding
39,13,3,6,0.930228468227577,0,0,1,replayed_after_load_shedding
39,13,3,7,0.904588401604672,0,0,1,replayed_after_load_shedding
39,13,3,8,0.899639057552747,0.000360942447252821,0.0210098011185799,1,replayed_after_load_shedding
39,13,3,9,0.963162740183145,0,0,1,replayed_after_load_shedding
39,13,3,10,1.0178431,0,0,1,replayed_after_load_shedding
39,13,3,11,1.0133858,0,0,1,replayed_after_load_shedding
39,13,3,12,1.000815,0,0,1,replayed_after_load_shedding
39,13,3,13,1.014923,0,0,1,replayed_after_load_shedding
39,13,3,14,0.971013557365003,0,0,1,replayed_after_load_shedding
39,13,3,15,0.982333430217407,0,0,1,replayed_after_load_shedding
39,13,3,16,1.00022304456485,0,0,1,replayed_after_load_shedding
39,13,3,17,0.998075923498077,0,0,1,replayed_after_load_shedding
39,13,3,18,0.99219745273265,0,0,1,replayed_after_load_shedding
39,13,3,19,1.03760758858313,0,0,1,replayed_after_load_shedding
39,13,3,20,0.980362785499681,0,0,1,replayed_after_load_shedding
39,13,3,21,0.997844218295529,0,0,1,replayed_after_load_shedding
39,13,3,22,1.0082954565354,0,0,1,replayed_after_load_shedding
39,13,3,23,1.00276602185472,0,0,1,replayed_after_load_shedding
39,13,3,24,1.00476687192956,0,0,1,replayed_after_load_shedding
39,13,3,25,1.01460050065123,0,0,1,replayed_after_load_shedding
39,13,3,26,1.01557907491002,0,0,1,replayed_after_load_shedding
39,13,3,27,1.00166592766392,0,0,1,replayed_after_load_shedding
39,13,3,28,1.02081567305719,0,0,1,replayed_after_load_shedding
39,13,3,29,1.0218607606102,0,0,1,replayed_after_load_shedding
39,13,3,30,1,0,0,1,replayed_after_load_shedding
39,13,3,31,1,0,0,1,replayed_after_load_shedding
39,13,3,32,0.9841,0,0,1,replayed_after_load_shedding
39,13,3,33,1,0,0,1,replayed_after_load_shedding
39,13,3,34,1,0,0,1,replayed_after_load_shedding
39,13,3,35,1,0,0,1,replayed_after_load_shedding
39,13,3,36,1.0636,0,0,1,replayed_after_load_shedding
39,13,3,37,1,0,0,1,replayed_after_load_shedding
39,13,3,38,1,0,0,1,replayed_after_load_shedding
39,13,3,39,1,0,0,1,replayed_after_load_shedding
39,13,4,1,1.01265835898422,0,0,1,replayed_after_load_shedding
39,13,4,2,1.01971157418386,0,0,1,replayed_after_load_shedding
39,13,4,3,0.919210020157638,0,0,1,replayed_after_load_shedding
39,13,4,4,0.904599718988458,0,0,1,replayed_after_load_shedding
39,13,4,5,0.746906733202562,0.153093266797438,9.62785425534182,1,replayed_after_load_shedding
39,13,4,6,1.0082256,0,0,1,replayed_after_load_shedding
39,13,4,7,0.741392758799561,0.158607241200439,10.0028754421805,1,replayed_after_load_shedding
39,13,4,8,0.746289371275997,0.153710628724003,9.66974008011686,1,replayed_after_load_shedding
39,13,4,9,0.894866874557656,0.00513312544234357,0.299503982208807,1,replayed_after_load_shedding
39,13,4,10,1.0178431,0,0,1,replayed_after_load_shedding
39,13,4,11,1.0133858,0,0,1,replayed_after_load_shedding
39,13,4,12,1.000815,0,0,1,replayed_after_load_shedding
39,13,4,13,1.014923,0,0,1,replayed_after_load_shedding
39,13,4,14,0.91806208018337,0,0,1,replayed_after_load_shedding
39,13,4,15,0.939067389612816,0,0,1,replayed_after_load_shedding
39,13,4,16,0.961809187315533,0,0,1,replayed_after_load_shedding
39,13,4,17,0.943311261339977,0,0,1,replayed_after_load_shedding
39,13,4,18,0.931679344646735,0,0,1,replayed_after_load_shedding
39,13,4,19,1.02363482468277,0,0,1,replayed_after_load_shedding
39,13,4,20,0.973721034266753,0,0,1,replayed_after_load_shedding
39,13,4,21,0.970356584340469,0,0,1,replayed_after_load_shedding
39,13,4,22,0.991213204800814,0,0,1,replayed_after_load_shedding
39,13,4,23,0.982023660718422,0,0,1,replayed_after_load_shedding
39,13,4,24,0.968623283180013,0,0,1,replayed_after_load_shedding
39,13,4,25,0.992265996147359,0,0,1,replayed_after_load_shedding
39,13,4,26,0.960428965708435,0,0,1,replayed_after_load_shedding
39,13,4,27,0.937195212415556,0,0,1,replayed_after_load_shedding
39,13,4,28,0.992965177782456,0,0,1,replayed_after_load_shedding
39,13,4,29,1.0027972060713,0,0,1,replayed_after_load_shedding
39,13,4,30,1,0,0,1,replayed_after_load_shedding
39,13,4,31,0.982,0,0,1,replayed_after_load_shedding
39,13,4,32,0.9841,0,0,1,replayed_after_load_shedding
39,13,4,33,1,0,0,1,replayed_after_load_shedding
39,13,4,34,1,0,0,1,replayed_after_load_shedding
39,13,4,35,1,0,0,1,replayed_after_load_shedding
39,13,4,36,1.0636,0,0,1,replayed_after_load_shedding
39,13,4,37,1,0,0,1,replayed_after_load_shedding
39,13,4,38,1,0,0,1,replayed_after_load_shedding
39,13,4,39,0.999999999999999,0,0,1,replayed_after_load_shedding
39,13,5,1,1.0393836,0,0,1,replayed_after_load_shedding
39,13,5,2,1.0484941,0,0,1,replayed_after_load_shedding
39,13,5,3,0.815169218974452,0.0848307810255478,5.15240569000024,1,replayed_after_load_shedding
39,13,5,4,0.801639611391671,0.0983603886083293,6.01533172584069,1,replayed_after_load_shedding
39,13,5,5,1.0060063,0,0,1,replayed_after_load_shedding
39,13,5,6,1.0082256,0,0,1,replayed_after_load_shedding
39,13,5,7,0.99839728,0,0,1,replayed_after_load_shedding
39,13,5,8,0.99787232,0,0,1,replayed_after_load_shedding
39,13,5,9,1.038332,0,0,1,replayed_after_load_shedding
39,13,5,10,1.0178431,0,0,1,replayed_after_load_shedding
39,13,5,11,1.0133858,0,0,1,replayed_after_load_shedding
39,13,5,12,1.000815,0,0,1,replayed_after_load_shedding
39,13,5,13,1.014923,0,0,1,replayed_after_load_shedding
39,13,5,14,0.810826681122031,0.089173318877969,5.42810397649198,1,replayed_after_load_shedding
39,13,5,15,0.825588035015353,0.0744119649846474,4.49579936792763,1,replayed_after_load_shedding
39,13,5,16,0.843072810032746,0.0569271899672539,3.40914577964607,1,replayed_after_load_shedding
39,13,5,17,0.833642322444969,0.0663576775550314,3.99287620278993,1,replayed_after_load_shedding
39,13,5,18,0.825108293174685,0.0748917068253151,4.52588326432451,1,replayed_after_load_shedding
39,13,5,19,1.0501068,0,0,1,replayed_after_load_shedding
39,13,5,20,0.99101054,0,0,1,replayed_after_load_shedding
39,13,5,21,0.868911055542395,0.0310889444576052,1.8377225646234,1,replayed_after_load_shedding
39,13,5,22,0.918757505892411,0,0,1,replayed_after_load_shedding
39,13,5,23,0.89742005417409,0.00257994582590959,0.150340689593239,1,replayed_after_load_shedding
39,13,5,24,0.851780723640209,0.0482192763597914,2.87500793253991,1,replayed_after_load_shedding
39,13,5,25,1.0576827,0,0,1,replayed_after_load_shedding
39,13,5,26,1.0525613,0,0,1,replayed_after_load_shedding
39,13,5,27,1.0383449,0,0,1,replayed_after_load_shedding
39,13,5,28,1.0503737,0,0,1,replayed_after_load_shedding
39,13,5,29,1.0501149,0,0,1,replayed_after_load_shedding
39,13,5,30,1.0499,0,0,1,replayed_after_load_shedding
39,13,5,31,0.982,0,0,1,replayed_after_load_shedding
39,13,5,32,0.9841,0,0,1,replayed_after_load_shedding
39,13,5,33,0.9972,0,0,1,replayed_after_load_shedding
39,13,5,34,1.0123,0,0,1,replayed_after_load_shedding
39,13,5,35,1,0,0,1,replayed_after_load_shedding
39,13,5,36,1.0636,0,0,1,replayed_after_load_shedding
39,13,5,37,1.0275,0,0,1,replayed_after_load_shedding
39,13,5,38,1.0265,0,0,1,replayed_after_load_shedding
39,13,5,39,1.03,0,0,1,replayed_after_load_shedding
39,14,1,1,1.00489577959945,0,0,1,replayed_pf_result
39,14,1,2,1.01086804250306,0,0,1,replayed_pf_result
39,14,1,3,0.994510474350353,0,0,1,replayed_pf_result
39,14,1,4,0.968808607377073,0,0,1,replayed_pf_result
39,14,1,5,0.970652454814043,0,0,1,replayed_pf_result
39,14,1,6,0.974188966950331,0,0,1,replayed_pf_result
39,14,1,7,0.962262066472891,0,0,1,replayed_pf_result
39,14,1,8,0.961167669304098,0,0,1,replayed_pf_result
39,14,1,9,1.00278350067151,0,0,1,replayed_pf_result
39,14,1,10,0.995649084016779,0,0,1,replayed_pf_result
39,14,1,11,0.987278910923248,0,0,1,replayed_pf_result
39,14,1,12,0.974207645582538,0,0,1,replayed_pf_result
39,14,1,13,0.989302071967621,0,0,1,replayed_pf_result
39,14,1,14,0.980467301549685,0,0,1,replayed_pf_result
39,14,1,15,0.983496507524158,0,0,1,replayed_pf_result
39,14,1,16,1.00120406307779,0,0,1,replayed_pf_result
39,14,1,17,1.00108293442193,0,0,1,replayed_pf_result
39,14,1,18,0.997111609973165,0,0,1,replayed_pf_result
39,14,1,19,1.03741889004799,0,0,1,replayed_pf_result
39,14,1,20,0.978467490449945,0,0,1,replayed_pf_result
39,14,1,21,0.996455431155896,0,0,1,replayed_pf_result
39,14,1,22,1.0071125890097,0,0,1,replayed_pf_result
39,14,1,23,1.00095054906937,0,0,1,replayed_pf_result
39,14,1,24,1.00592052629268,0,0,1,replayed_pf_result
39,14,1,25,1.01818059364111,0,0,1,replayed_pf_result
39,14,1,26,1.01835547184107,0,0,1,replayed_pf_result
39,14,1,27,1.0042382891012,0,0,1,replayed_pf_result
39,14,1,28,1.02102605338727,0,0,1,replayed_pf_result
39,14,1,29,1.02194915856121,0,0,1,replayed_pf_result
39,14,1,30,1,0,0,1,replayed_pf_result
39,14,1,31,1,0,0,1,replayed_pf_result
39,14,1,32,1,0,0,1,replayed_pf_result
39,14,1,33,1,0,0,1,replayed_pf_result
39,14,1,34,1,0,0,1,replayed_pf_result
39,14,1,35,1,0,0,1,replayed_pf_result
39,14,1,36,1.0636,0,0,1,replayed_pf_result
39,14,1,37,1,0,0,1,replayed_pf_result
39,14,1,38,1,0,0,1,replayed_pf_result
39,14,1,39,1,0,0,1,replayed_pf_result
39,15,1,1,1.00489577959945,0,0,1,replayed_pf_result
39,15,1,2,1.01086804250306,0,0,1,replayed_pf_result
39,15,1,3,0.994510474350353,0,0,1,replayed_pf_result
39,15,1,4,0.968808607377073,0,0,1,replayed_pf_result
39,15,1,5,0.970652454814043,0,0,1,replayed_pf_result
39,15,1,6,0.974188966950331,0,0,1,replayed_pf_result
39,15,1,7,0.962262066472891,0,0,1,replayed_pf_result
39,15,1,8,0.961167669304098,0,0,1,replayed_pf_result
39,15,1,9,1.00278350067151,0,0,1,replayed_pf_result
39,15,1,10,0.995649084016779,0,0,1,replayed_pf_result
39,15,1,11,0.987278910923248,0,0,1,replayed_pf_result
39,15,1,12,0.974207645582538,0,0,1,replayed_pf_result
39,15,1,13,0.989302071967621,0,0,1,replayed_pf_result
39,15,1,14,0.980467301549685,0,0,1,replayed_pf_result
39,15,1,15,0.983496507524158,0,0,1,replayed_pf_result
39,15,1,16,1.00120406307779,0,0,1,replayed_pf_result
39,15,1,17,1.00108293442193,0,0,1,replayed_pf_result
39,15,1,18,0.997111609973165,0,0,1,replayed_pf_result
39,15,1,19,1.03741889004799,0,0,1,replayed_pf_result
39,15,1,20,0.978467490449945,0,0,1,replayed_pf_result
39,15,1,21,0.996455431155896,0,0,1,replayed_pf_result
39,15,1,22,1.0071125890097,0,0,1,replayed_pf_result
39,15,1,23,1.00095054906937,0,0,1,replayed_pf_result
39,15,1,24,1.00592052629268,0,0,1,replayed_pf_result
39,15,1,25,1.01818059364111,0,0,1,replayed_pf_result
39,15,1,26,1.01835547184107,0,0,1,replayed_pf_result
39,15,1,27,1.0042382891012,0,0,1,replayed_pf_result
39,15,1,28,1.02102605338727,0,0,1,replayed_pf_result
39,15,1,29,1.02194915856121,0,0,1,replayed_pf_result
39,15,1,30,1,0,0,1,replayed_pf_result
39,15,1,31,1,0,0,1,replayed_pf_result
39,15,1,32,1,0,0,1,replayed_pf_result
39,15,1,33,1,0,0,1,replayed_pf_result
39,15,1,34,1,0,0,1,replayed_pf_result
39,15,1,35,1,0,0,1,replayed_pf_result
39,15,1,36,1.0636,0,0,1,replayed_pf_result
39,15,1,37,1,0,0,1,replayed_pf_result
39,15,1,38,1,0,0,1,replayed_pf_result
39,15,1,39,1,0,0,1,replayed_pf_result
39,15,2,1,0.996739518796677,0,0,1,replayed_pf_result
39,15,2,2,1.00123780110008,0,0,1,replayed_pf_result
39,15,2,3,0.979589988394459,0,0,1,replayed_pf_result
39,15,2,4,0.954490713120501,0,0,1,replayed_pf_result
39,15,2,5,0.950643619764359,0,0,1,replayed_pf_result
39,15,2,6,0.952895297657033,0,0,1,replayed_pf_result
39,15,2,7,0.938838011336333,0,0,1,replayed_pf_result
39,15,2,8,0.936443886524964,0,0,1,replayed_pf_result
39,15,2,9,0.97562734758115,0,0,1,replayed_pf_result
39,15,2,10,0.983565486243491,0,0,1,replayed_pf_result
39,15,2,11,0.971997485583453,0,0,1,replayed_pf_result
39,15,2,12,0.960638503198239,0,0,1,replayed_pf_result
39,15,2,13,0.97805433434304,0,0,1,replayed_pf_result
39,15,2,14,0.970218347397919,0,0,1,replayed_pf_result
39,15,2,15,0.976280896631656,0,0,1,replayed_pf_result
39,15,2,16,0.994405562825443,0,0,1,replayed_pf_result
39,15,2,17,0.990924708795071,0,0,1,replayed_pf_result
39,15,2,18,0.984937627371206,0,0,1,replayed_pf_result
39,15,2,19,1.03491906151488,0,0,1,replayed_pf_result
39,15,2,20,0.977102638976282,0,0,1,replayed_pf_result
39,15,2,21,0.991368382418718,0,0,1,replayed_pf_result
39,15,2,22,1.00391846283633,0,0,1,replayed_pf_result
39,15,2,23,0.997032137282784,0,0,1,replayed_pf_result
39,15,2,24,0.999552531765897,0,0,1,replayed_pf_result
39,15,2,25,1.00521416602674,0,0,1,replayed_pf_result
39,15,2,26,1.00678588101938,0,0,1,replayed_pf_result
39,15,2,27,0.992489103998133,0,0,1,replayed_pf_result
39,15,2,28,1.01505678758919,0,0,1,replayed_pf_result
39,15,2,29,1.01785819008662,0,0,1,replayed_pf_result
39,15,2,30,1,0,0,1,replayed_pf_result
39,15,2,31,0.982,0,0,1,replayed_pf_result
39,15,2,32,1,0,0,1,replayed_pf_result
39,15,2,33,1,0,0,1,replayed_pf_result
39,15,2,34,1,0,0,1,replayed_pf_result
39,15,2,35,1,0,0,1,replayed_pf_result
39,15,2,36,1.0636,0,0,1,replayed_pf_result
39,15,2,37,1,0,0,1,replayed_pf_result
39,15,2,38,1,0,0,1,replayed_pf_result
39,15,2,39,0.999999999999999,0,0,1,replayed_pf_result
39,15,3,1,1.00824525159234,0,0,1,replayed_pf_result
39,15,3,2,1.01475351664801,0,0,1,replayed_pf_result
39,15,3,3,0.900814544347652,0,0,1,replayed_pf_result
39,15,3,4,0.881895790037726,0.0181042099622736,1.06321817185298,1,replayed_pf_result
39,15,3,5,0.874841145059365,0.0251588549406353,1.48276082611106,1,replayed_pf_result
39,15,3,6,0.879154252587542,0.0208457474124578,1.2259070248844,1,replayed_pf_result
39,15,3,7,0.856936703428943,0.0430632965710571,2.56092882449358,1,replayed_pf_result
39,15,3,8,0.851195595550867,0.0488044044491326,2.91075372920646,1,replayed_pf_result
39,15,3,9,0.905345113310796,0,0,1,replayed_pf_result
39,15,3,10,0.930433698277331,0,0,1,replayed_pf_result
39,15,3,11,0.911858553340068,0,0,1,replayed_pf_result
39,15,3,12,0.9008786919261,0,0,1,replayed_pf_result
39,15,3,13,0.922074903783638,0,0,1,replayed_pf_result
39,15,3,14,0.90898397243403,0,0,1,replayed_pf_result
39,15,3,15,0.9254097272659,0,0,1,replayed_pf_result
39,15,3,16,0.949113884662732,0,0,1,replayed_pf_result
39,15,3,17,0.926748283225834,0,0,1,replayed_pf_result
39,15,3,18,0.914701114068583,0,0,1,replayed_pf_result
39,15,3,19,1.01826189545077,0,0,1,replayed_pf_result
39,15,3,20,0.968006457229851,0,0,1,replayed_pf_result
39,15,3,21,0.957455064884227,0,0,1,replayed_pf_result
39,15,3,22,0.982620758538756,0,0,1,replayed_pf_result
39,15,3,23,0.970906003491167,0,0,1,replayed_pf_result
39,15,3,24,0.957132364583341,0,0,1,replayed_pf_result
39,15,3,25,0.971257689915426,0,0,1,replayed_pf_result
39,15,3,26,0.934516214515523,0,0,1,replayed_pf_result
39,15,3,27,0.912907888139671,0,0,1,replayed_pf_result
39,15,3,28,0.977744731493369,0,0,1,replayed_pf_result
39,15,3,29,0.992286358093532,0,0,1,replayed_pf_result
39,15,3,30,1,0,0,1,replayed_pf_result
39,15,3,31,0.982,0,0,1,replayed_pf_result
39,15,3,32,1,0,0,1,replayed_pf_result
39,15,3,33,1,0,0,1,replayed_pf_result
39,15,3,34,1,0,0,1,replayed_pf_result
39,15,3,35,1,0,0,1,replayed_pf_result
39,15,3,36,1.0636,0,0,1,replayed_pf_result
39,15,3,37,1,0,0,1,replayed_pf_result
39,15,3,38,1,0,0,1,replayed_pf_result
39,15,3,39,0.999999999999999,0,0,1,replayed_pf_result
39,15,4,1,1.0393836,0,0,1,replayed_after_load_shedding
39,15,4,2,1.0484941,0,0,1,replayed_after_load_shedding
39,15,4,3,0.855200175544891,0.0447998244551089,2.66652948945392,1,replayed_after_load_shedding
39,15,4,4,0.813215003029358,0.0867849969706425,5.2763264639178,1,replayed_after_load_shedding
39,15,4,5,0.801116791866776,0.0988832081332238,6.04891231478305,1,replayed_after_load_shedding
39,15,4,6,0.80228800988775,0.0977119901122496,5.97370960696535,1,replayed_after_load_shedding
39,15,4,7,0.789026143163292,0.110973856836708,6.83041006748275,1,replayed_after_load_shedding
39,15,4,8,0.787764624215512,0.112235375784488,6.91249598907878,1,replayed_after_load_shedding
39,15,4,9,0.819788187503612,0.0802118124963881,4.86046842445315,1,replayed_after_load_shedding
39,15,4,10,0.844207117927408,0.0557928820725925,3.33930429972257,1,replayed_after_load_shedding
39,15,4,11,0.825839000306664,0.0741609996933356,4.48006745711632,1,replayed_after_load_shedding
39,15,4,12,0.814864442706939,0.0851355572930605,5.17171623237309,1,replayed_after_load_shedding
39,15,4,13,0.836867660754107,0.0631323392458928,3.79261378007974,1,replayed_after_load_shedding
39,15,4,14,0.834134027929327,0.0658659720706728,3.96230428661437,1,replayed_after_load_shedding
39,15,4,15,0.88545176016031,0.0145482398396897,0.852862452620678,1,replayed_after_load_shedding
39,15,4,16,0.925156662649495,0,0,1,replayed_after_load_shedding
39,15,4,17,0.904162666595062,0,0,1,replayed_after_load_shedding
39,15,4,18,0.883947323563535,0.0160526764364649,0.941767094665093,1,replayed_after_load_shedding
39,15,4,19,1.00983656148702,0,0,1,replayed_after_load_shedding
39,15,4,20,0.964640552054744,0,0,1,replayed_after_load_shedding
39,15,4,21,0.941003941139403,0,0,1,replayed_after_load_shedding
39,15,4,22,0.972500902069238,0,0,1,replayed_after_load_shedding
39,15,4,23,0.958743263250123,0,0,1,replayed_after_load_shedding
39,15,4,24,0.934530330127192,0,0,1,replayed_after_load_shedding
39,15,4,25,1.0576827,0,0,1,replayed_after_load_shedding
39,15,4,26,1.0525613,0,0,1,replayed_after_load_shedding
39,15,4,27,1.0383449,0,0,1,replayed_after_load_shedding
39,15,4,28,1.0503737,0,0,1,replayed_after_load_shedding
39,15,4,29,1.0501149,0,0,1,replayed_after_load_shedding
39,15,4,30,1.0499,0,0,1,replayed_after_load_shedding
39,15,4,31,0.982,0,0,1,replayed_after_load_shedding
39,15,4,32,1,0,0,1,replayed_after_load_shedding
39,15,4,33,1,0,0,1,replayed_after_load_shedding
39,15,4,34,1,0,0,1,replayed_after_load_shedding
39,15,4,35,1,0,0,1,replayed_after_load_shedding
39,15,4,36,1.0636,0,0,1,replayed_after_load_shedding
39,15,4,37,1.0275,0,0,1,replayed_after_load_shedding
39,15,4,38,1.0265,0,0,1,replayed_after_load_shedding
39,15,4,39,1.03,0,0,1,replayed_after_load_shedding
39,16,1,1,1.00489577959945,0,0,1,replayed_pf_result
39,16,1,2,1.01086804250306,0,0,1,replayed_pf_result
39,16,1,3,0.994510474350353,0,0,1,replayed_pf_result
39,16,1,4,0.968808607377073,0,0,1,replayed_pf_result
39,16,1,5,0.970652454814043,0,0,1,replayed_pf_result
39,16,1,6,0.974188966950331,0,0,1,replayed_pf_result
39,16,1,7,0.962262066472891,0,0,1,replayed_pf_result
39,16,1,8,0.961167669304098,0,0,1,replayed_pf_result
39,16,1,9,1.00278350067151,0,0,1,replayed_pf_result
39,16,1,10,0.995649084016779,0,0,1,replayed_pf_result
39,16,1,11,0.987278910923248,0,0,1,replayed_pf_result
39,16,1,12,0.974207645582538,0,0,1,replayed_pf_result
39,16,1,13,0.989302071967621,0,0,1,replayed_pf_result
39,16,1,14,0.980467301549685,0,0,1,replayed_pf_result
39,16,1,15,0.983496507524158,0,0,1,replayed_pf_result
39,16,1,16,1.00120406307779,0,0,1,replayed_pf_result
39,16,1,17,1.00108293442193,0,0,1,replayed_pf_result
39,16,1,18,0.997111609973165,0,0,1,replayed_pf_result
39,16,1,19,1.03741889004799,0,0,1,replayed_pf_result
39,16,1,20,0.978467490449945,0,0,1,replayed_pf_result
39,16,1,21,0.996455431155896,0,0,1,replayed_pf_result
39,16,1,22,1.0071125890097,0,0,1,replayed_pf_result
39,16,1,23,1.00095054906937,0,0,1,replayed_pf_result
39,16,1,24,1.00592052629268,0,0,1,replayed_pf_result
39,16,1,25,1.01818059364111,0,0,1,replayed_pf_result
39,16,1,26,1.01835547184107,0,0,1,replayed_pf_result
39,16,1,27,1.0042382891012,0,0,1,replayed_pf_result
39,16,1,28,1.02102605338727,0,0,1,replayed_pf_result
39,16,1,29,1.02194915856121,0,0,1,replayed_pf_result
39,16,1,30,1,0,0,1,replayed_pf_result
39,16,1,31,1,0,0,1,replayed_pf_result
39,16,1,32,1,0,0,1,replayed_pf_result
39,16,1,33,1,0,0,1,replayed_pf_result
39,16,1,34,1,0,0,1,replayed_pf_result
39,16,1,35,1,0,0,1,replayed_pf_result
39,16,1,36,1.0636,0,0,1,replayed_pf_result
39,16,1,37,1,0,0,1,replayed_pf_result
39,16,1,38,1,0,0,1,replayed_pf_result
39,16,1,39,1,0,0,1,replayed_pf_result
39,17,1,1,1.00489577959945,0,0,1,replayed_pf_result
39,17,1,2,1.01086804250306,0,0,1,replayed_pf_result
39,17,1,3,0.994510474350353,0,0,1,replayed_pf_result
39,17,1,4,0.968808607377073,0,0,1,replayed_pf_result
39,17,1,5,0.970652454814043,0,0,1,replayed_pf_result
39,17,1,6,0.974188966950331,0,0,1,replayed_pf_result
39,17,1,7,0.962262066472891,0,0,1,replayed_pf_result
39,17,1,8,0.961167669304098,0,0,1,replayed_pf_result
39,17,1,9,1.00278350067151,0,0,1,replayed_pf_result
39,17,1,10,0.995649084016779,0,0,1,replayed_pf_result
39,17,1,11,0.987278910923248,0,0,1,replayed_pf_result
39,17,1,12,0.974207645582538,0,0,1,replayed_pf_result
39,17,1,13,0.989302071967621,0,0,1,replayed_pf_result
39,17,1,14,0.980467301549685,0,0,1,replayed_pf_result
39,17,1,15,0.983496507524158,0,0,1,replayed_pf_result
39,17,1,16,1.00120406307779,0,0,1,replayed_pf_result
39,17,1,17,1.00108293442193,0,0,1,replayed_pf_result
39,17,1,18,0.997111609973165,0,0,1,replayed_pf_result
39,17,1,19,1.03741889004799,0,0,1,replayed_pf_result
39,17,1,20,0.978467490449945,0,0,1,replayed_pf_result
39,17,1,21,0.996455431155896,0,0,1,replayed_pf_result
39,17,1,22,1.0071125890097,0,0,1,replayed_pf_result
39,17,1,23,1.00095054906937,0,0,1,replayed_pf_result
39,17,1,24,1.00592052629268,0,0,1,replayed_pf_result
39,17,1,25,1.01818059364111,0,0,1,replayed_pf_result
39,17,1,26,1.01835547184107,0,0,1,replayed_pf_result
39,17,1,27,1.0042382891012,0,0,1,replayed_pf_result
39,17,1,28,1.02102605338727,0,0,1,replayed_pf_result
39,17,1,29,1.02194915856121,0,0,1,replayed_pf_result
39,17,1,30,1,0,0,1,replayed_pf_result
39,17,1,31,1,0,0,1,replayed_pf_result
39,17,1,32,1,0,0,1,replayed_pf_result
39,17,1,33,1,0,0,1,replayed_pf_result
39,17,1,34,1,0,0,1,replayed_pf_result
39,17,1,35,1,0,0,1,replayed_pf_result
39,17,1,36,1.0636,0,0,1,replayed_pf_result
39,17,1,37,1,0,0,1,replayed_pf_result
39,17,1,38,1,0,0,1,replayed_pf_result
39,17,1,39,1,0,0,1,replayed_pf_result
39,18,1,1,1.00489577959945,0,0,1,replayed_pf_result
39,18,1,2,1.01086804250306,0,0,1,replayed_pf_result
39,18,1,3,0.994510474350353,0,0,1,replayed_pf_result
39,18,1,4,0.968808607377073,0,0,1,replayed_pf_result
39,18,1,5,0.970652454814043,0,0,1,replayed_pf_result
39,18,1,6,0.974188966950331,0,0,1,replayed_pf_result
39,18,1,7,0.962262066472891,0,0,1,replayed_pf_result
39,18,1,8,0.961167669304098,0,0,1,replayed_pf_result
39,18,1,9,1.00278350067151,0,0,1,replayed_pf_result
39,18,1,10,0.995649084016779,0,0,1,replayed_pf_result
39,18,1,11,0.987278910923248,0,0,1,replayed_pf_result
39,18,1,12,0.974207645582538,0,0,1,replayed_pf_result
39,18,1,13,0.989302071967621,0,0,1,replayed_pf_result
39,18,1,14,0.980467301549685,0,0,1,replayed_pf_result
39,18,1,15,0.983496507524158,0,0,1,replayed_pf_result
39,18,1,16,1.00120406307779,0,0,1,replayed_pf_result
39,18,1,17,1.00108293442193,0,0,1,replayed_pf_result
39,18,1,18,0.997111609973165,0,0,1,replayed_pf_result
39,18,1,19,1.03741889004799,0,0,1,replayed_pf_result
39,18,1,20,0.978467490449945,0,0,1,replayed_pf_result
39,18,1,21,0.996455431155896,0,0,1,replayed_pf_result
39,18,1,22,1.0071125890097,0,0,1,replayed_pf_result
39,18,1,23,1.00095054906937,0,0,1,replayed_pf_result
39,18,1,24,1.00592052629268,0,0,1,replayed_pf_result
39,18,1,25,1.01818059364111,0,0,1,replayed_pf_result
39,18,1,26,1.01835547184107,0,0,1,replayed_pf_result
39,18,1,27,1.0042382891012,0,0,1,replayed_pf_result
39,18,1,28,1.02102605338727,0,0,1,replayed_pf_result
39,18,1,29,1.02194915856121,0,0,1,replayed_pf_result
39,18,1,30,1,0,0,1,replayed_pf_result
39,18,1,31,1,0,0,1,replayed_pf_result
39,18,1,32,1,0,0,1,replayed_pf_result
39,18,1,33,1,0,0,1,replayed_pf_result
39,18,1,34,1,0,0,1,replayed_pf_result
39,18,1,35,1,0,0,1,replayed_pf_result
39,18,1,36,1.0636,0,0,1,replayed_pf_result
39,18,1,37,1,0,0,1,replayed_pf_result
39,18,1,38,1,0,0,1,replayed_pf_result
39,18,1,39,1,0,0,1,replayed_pf_result
39,18,2,1,1.0043347274256,0,0,1,replayed_pf_result
39,18,2,2,1.00708623697975,0,0,1,replayed_pf_result
39,18,2,3,0.984527576489349,0,0,1,replayed_pf_result
39,18,2,4,0.94950822843845,0,0,1,replayed_pf_result
39,18,2,5,0.955371643700438,0,0,1,replayed_pf_result
39,18,2,6,0.960795866404467,0,0,1,replayed_pf_result
39,18,2,7,0.948235965236157,0,0,1,replayed_pf_result
39,18,2,8,0.947080031123092,0,0,1,replayed_pf_result
39,18,2,9,0.995911548909663,0,0,1,replayed_pf_result
39,18,2,10,0.994336426640397,0,0,1,replayed_pf_result
39,18,2,11,0.979578963345219,0,0,1,replayed_pf_result
39,18,2,12,0.948057467138573,0,0,1,replayed_pf_result
39,18,2,13,0.954802640004297,0,0,1,replayed_pf_result
39,18,2,14,0.956995323685819,0,0,1,replayed_pf_result
39,18,2,15,0.970848994584283,0,0,1,replayed_pf_result
39,18,2,16,0.993110263450477,0,0,1,replayed_pf_result
39,18,2,17,0.992845180986001,0,0,1,replayed_pf_result
39,18,2,18,0.988088194572296,0,0,1,replayed_pf_result
39,18,2,19,1.03444276196977,0,0,1,replayed_pf_result
39,18,2,20,0.976842582274485,0,0,1,replayed_pf_result
39,18,2,21,0.990399061085093,0,0,1,replayed_pf_result
39,18,2,22,1.00330981590792,0,0,1,replayed_pf_result
39,18,2,23,0.996285480235719,0,0,1,replayed_pf_result
39,18,2,24,0.998339270363166,0,0,1,replayed_pf_result
39,18,2,25,1.01426096651772,0,0,1,replayed_pf_result
39,18,2,26,1.01330544329313,0,0,1,replayed_pf_result
39,18,2,27,0.99757024807442,0,0,1,replayed_pf_result
39,18,2,28,1.01842064885107,0,0,1,replayed_pf_result
39,18,2,29,1.02016357668305,0,0,1,replayed_pf_result
39,18,2,30,1,0,0,1,replayed_pf_result
39,18,2,31,1,0,0,1,replayed_pf_result
39,18,2,32,1,0,0,1,replayed_pf_result
39,18,2,33,1,0,0,1,replayed_pf_result
39,18,2,34,1,0,0,1,replayed_pf_result
39,18,2,35,1,0,0,1,replayed_pf_result
39,18,2,36,1.0636,0,0,1,replayed_pf_result
39,18,2,37,1,0,0,1,replayed_pf_result
39,18,2,38,1,0,0,1,replayed_pf_result
39,18,2,39,1,0,0,1,replayed_pf_result
39,18,3,1,1.00274813785347,0,0,1,replayed_after_load_shedding
39,18,3,2,1.00172683628131,0,0,1,replayed_after_load_shedding
39,18,3,3,0.977584103433958,0,0,1,replayed_after_load_shedding
39,18,3,4,0.946413696767643,0,0,1,replayed_after_load_shedding
39,18,3,5,0.952163019953672,0,0,1,replayed_after_load_shedding
39,18,3,6,0.955365383110816,0,0,1,replayed_after_load_shedding
39,18,3,7,0.942454033695873,0,0,1,replayed_after_load_shedding
39,18,3,8,0.94041032848472,0,0,1,replayed_after_load_shedding
39,18,3,9,0.980450660277018,0,0,1,replayed_after_load_shedding
39,18,3,10,1.0178431,0,0,1,replayed_after_load_shedding
39,18,3,11,0.908887940161871,0,0,1,replayed_after_load_shedding
39,18,3,12,0.914341267802842,0,0,1,replayed_after_load_shedding
39,18,3,13,0.944817824234403,0,0,1,replayed_after_load_shedding
39,18,3,14,0.952379789750673,0,0,1,replayed_after_load_shedding
39,18,3,15,0.971991141440804,0,0,1,replayed_after_load_shedding
39,18,3,16,0.993677473747526,0,0,1,replayed_after_load_shedding
39,18,3,17,0.991611481132956,0,0,1,replayed_after_load_shedding
39,18,3,18,0.985159288029901,0,0,1,replayed_after_load_shedding
39,18,3,19,1.03519902285419,0,0,1,replayed_after_load_shedding
39,18,3,20,0.979051098427693,0,0,1,replayed_after_load_shedding
39,18,3,21,0.992956428815399,0,0,1,replayed_after_load_shedding
39,18,3,22,1.00522721343988,0,0,1,replayed_after_load_shedding
39,18,3,23,0.999002964618959,0,0,1,replayed_after_load_shedding
39,18,3,24,0.998634085514679,0,0,1,replayed_after_load_shedding
39,18,3,25,1.01175521320905,0,0,1,replayed_after_load_shedding
39,18,3,26,1.01189087011347,0,0,1,replayed_after_load_shedding
39,18,3,27,0.996630029001921,0,0,1,replayed_after_load_shedding
39,18,3,28,1.01891354019257,0,0,1,replayed_after_load_shedding
39,18,3,29,1.02055691978736,0,0,1,replayed_after_load_shedding
39,18,3,30,1,0,0,1,replayed_after_load_shedding
39,18,3,31,1,0,0,1,replayed_after_load_shedding
39,18,3,32,0.9841,0,0,1,replayed_after_load_shedding
39,18,3,33,1,0,0,1,replayed_after_load_shedding
39,18,3,34,1,0,0,1,replayed_after_load_shedding
39,18,3,35,1,0,0,1,replayed_after_load_shedding
39,18,3,36,1.0636,0,0,1,replayed_after_load_shedding
39,18,3,37,1,0,0,1,replayed_after_load_shedding
39,18,3,38,1,0,0,1,replayed_after_load_shedding
39,18,3,39,1,0,0,1,replayed_after_load_shedding
39,18,4,1,1.00752187905175,0,0,1,replayed_after_load_shedding
39,18,4,2,1.00868662538556,0,0,1,replayed_after_load_shedding
39,18,4,3,0.846506613088308,0.0534933869116923,3.19796289274567,1,replayed_after_load_shedding
39,18,4,4,0.826170394453895,0.0738296055461047,4.45929986285337,1,replayed_after_load_shedding
39,18,4,5,0.984197552511509,0,0,1,replayed_after_load_shedding
39,18,4,6,0.986739103966062,0,0,1,replayed_after_load_shedding
39,18,4,7,0.975896437474606,0,0,1,replayed_after_load_shedding
39,18,4,8,0.974220612103679,0,0,1,replayed_after_load_shedding
39,18,4,9,1.00124317921803,0,0,1,replayed_after_load_shedding
39,18,4,10,1.0178431,0,0,1,replayed_after_load_shedding
39,18,4,11,0.792919936673585,0.107080063326415,6.57769647522289,1,replayed_after_load_shedding
39,18,4,12,0.797677456293626,0.102322543706374,6.27025829651635,1,replayed_after_load_shedding
39,18,4,13,0.83204611592728,0.0679538840727196,4.0922244281224,1,replayed_after_load_shedding
39,18,4,14,0.84045192307696,0.0595480769230402,3.57082205638638,1,replayed_after_load_shedding
39,18,4,15,0.88062460081434,0.0193753991856601,1.13859787592168,1,replayed_after_load_shedding
39,18,4,16,0.914101608407733,0,0,1,replayed_after_load_shedding
39,18,4,17,0.880991785707349,0.0190082142926509,1.11681449400697,1,replayed_after_load_shedding
39,18,4,18,0.864469267983085,0.0355307320169146,2.1049801387662,1,replayed_after_load_shedding
39,18,4,19,1.00599030178035,0,0,1,replayed_after_load_shedding
39,18,4,20,0.963636112459694,0,0,1,replayed_after_load_shedding
39,18,4,21,0.934101144506209,0,0,1,replayed_after_load_shedding
39,18,4,22,0.968359766508682,0,0,1,replayed_after_load_shedding
39,18,4,23,0.953895709094353,0,0,1,replayed_after_load_shedding
39,18,4,24,0.924005153828282,0,0,1,replayed_after_load_shedding
39,18,4,25,0.960852405858796,0,0,1,replayed_after_load_shedding
39,18,4,26,0.898931640489627,0.00106835951037287,0.0622092599701039,1,replayed_after_load_shedding
39,18,4,27,0.865954799781854,0.0340452002181461,2.01546513856606,1,replayed_after_load_shedding
39,18,4,28,0.960906181285206,0,0,1,replayed_after_load_shedding
39,18,4,29,0.980805526728847,0,0,1,replayed_after_load_shedding
39,18,4,30,1,0,0,1,replayed_after_load_shedding
39,18,4,31,1,0,0,1,replayed_after_load_shedding
39,18,4,32,0.9841,0,0,1,replayed_after_load_shedding
39,18,4,33,1,0,0,1,replayed_after_load_shedding
39,18,4,34,1,0,0,1,replayed_after_load_shedding
39,18,4,35,1,0,0,1,replayed_after_load_shedding
39,18,4,36,1.0636,0,0,1,replayed_after_load_shedding
39,18,4,37,1,0,0,1,replayed_after_load_shedding
39,18,4,38,1,0,0,1,replayed_after_load_shedding
39,18,4,39,1,0,0,1,replayed_after_load_shedding
39,19,1,1,1.00489577959945,0,0,1,replayed_pf_result
39,19,1,2,1.01086804250306,0,0,1,replayed_pf_result
39,19,1,3,0.994510474350353,0,0,1,replayed_pf_result
39,19,1,4,0.968808607377073,0,0,1,replayed_pf_result
39,19,1,5,0.970652454814043,0,0,1,replayed_pf_result
39,19,1,6,0.974188966950331,0,0,1,replayed_pf_result
39,19,1,7,0.962262066472891,0,0,1,replayed_pf_result
39,19,1,8,0.961167669304098,0,0,1,replayed_pf_result
39,19,1,9,1.00278350067151,0,0,1,replayed_pf_result
39,19,1,10,0.995649084016779,0,0,1,replayed_pf_result
39,19,1,11,0.987278910923248,0,0,1,replayed_pf_result
39,19,1,12,0.974207645582538,0,0,1,replayed_pf_result
39,19,1,13,0.989302071967621,0,0,1,replayed_pf_result
39,19,1,14,0.980467301549685,0,0,1,replayed_pf_result
39,19,1,15,0.983496507524158,0,0,1,replayed_pf_result
39,19,1,16,1.00120406307779,0,0,1,replayed_pf_result
39,19,1,17,1.00108293442193,0,0,1,replayed_pf_result
39,19,1,18,0.997111609973165,0,0,1,replayed_pf_result
39,19,1,19,1.03741889004799,0,0,1,replayed_pf_result
39,19,1,20,0.978467490449945,0,0,1,replayed_pf_result
39,19,1,21,0.996455431155896,0,0,1,replayed_pf_result
39,19,1,22,1.0071125890097,0,0,1,replayed_pf_result
39,19,1,23,1.00095054906937,0,0,1,replayed_pf_result
39,19,1,24,1.00592052629268,0,0,1,replayed_pf_result
39,19,1,25,1.01818059364111,0,0,1,replayed_pf_result
39,19,1,26,1.01835547184107,0,0,1,replayed_pf_result
39,19,1,27,1.0042382891012,0,0,1,replayed_pf_result
39,19,1,28,1.02102605338727,0,0,1,replayed_pf_result
39,19,1,29,1.02194915856121,0,0,1,replayed_pf_result
39,19,1,30,1,0,0,1,replayed_pf_result
39,19,1,31,1,0,0,1,replayed_pf_result
39,19,1,32,1,0,0,1,replayed_pf_result
39,19,1,33,1,0,0,1,replayed_pf_result
39,19,1,34,1,0,0,1,replayed_pf_result
39,19,1,35,1,0,0,1,replayed_pf_result
39,19,1,36,1.0636,0,0,1,replayed_pf_result
39,19,1,37,1,0,0,1,replayed_pf_result
39,19,1,38,1,0,0,1,replayed_pf_result
39,19,1,39,1,0,0,1,replayed_pf_result
39,19,2,1,0.996739518796677,0,0,1,replayed_pf_result
39,19,2,2,1.00123780110008,0,0,1,replayed_pf_result
39,19,2,3,0.979589988394459,0,0,1,replayed_pf_result
39,19,2,4,0.954490713120501,0,0,1,replayed_pf_result
39,19,2,5,0.950643619764359,0,0,1,replayed_pf_result
39,19,2,6,0.952895297657033,0,0,1,replayed_pf_result
39,19,2,7,0.938838011336333,0,0,1,replayed_pf_result
39,19,2,8,0.936443886524964,0,0,1,replayed_pf_result
39,19,2,9,0.97562734758115,0,0,1,replayed_pf_result
39,19,2,10,0.983565486243491,0,0,1,replayed_pf_result
39,19,2,11,0.971997485583453,0,0,1,replayed_pf_result
39,19,2,12,0.960638503198239,0,0,1,replayed_pf_result
39,19,2,13,0.97805433434304,0,0,1,replayed_pf_result
39,19,2,14,0.970218347397919,0,0,1,replayed_pf_result
39,19,2,15,0.976280896631656,0,0,1,replayed_pf_result
39,19,2,16,0.994405562825443,0,0,1,replayed_pf_result
39,19,2,17,0.990924708795071,0,0,1,replayed_pf_result
39,19,2,18,0.984937627371206,0,0,1,replayed_pf_result
39,19,2,19,1.03491906151488,0,0,1,replayed_pf_result
39,19,2,20,0.977102638976282,0,0,1,replayed_pf_result
39,19,2,21,0.991368382418718,0,0,1,replayed_pf_result
39,19,2,22,1.00391846283633,0,0,1,replayed_pf_result
39,19,2,23,0.997032137282784,0,0,1,replayed_pf_result
39,19,2,24,0.999552531765897,0,0,1,replayed_pf_result
39,19,2,25,1.00521416602674,0,0,1,replayed_pf_result
39,19,2,26,1.00678588101938,0,0,1,replayed_pf_result
39,19,2,27,0.992489103998133,0,0,1,replayed_pf_result
39,19,2,28,1.01505678758919,0,0,1,replayed_pf_result
39,19,2,29,1.01785819008662,0,0,1,replayed_pf_result
39,19,2,30,1,0,0,1,replayed_pf_result
39,19,2,31,0.982,0,0,1,replayed_pf_result
39,19,2,32,1,0,0,1,replayed_pf_result
39,19,2,33,1,0,0,1,replayed_pf_result
39,19,2,34,1,0,0,1,replayed_pf_result
39,19,2,35,1,0,0,1,replayed_pf_result
39,19,2,36,1.0636,0,0,1,replayed_pf_result
39,19,2,37,1,0,0,1,replayed_pf_result
39,19,2,38,1,0,0,1,replayed_pf_result
39,19,2,39,0.999999999999999,0,0,1,replayed_pf_result
39,19,3,1,1.00824525159234,0,0,1,replayed_pf_result
39,19,3,2,1.01475351664801,0,0,1,replayed_pf_result
39,19,3,3,0.900814544347652,0,0,1,replayed_pf_result
39,19,3,4,0.881895790037726,0.0181042099622736,1.06321817185298,1,replayed_pf_result
39,19,3,5,0.874841145059365,0.0251588549406353,1.48276082611106,1,replayed_pf_result
39,19,3,6,0.879154252587542,0.0208457474124578,1.2259070248844,1,replayed_pf_result
39,19,3,7,0.856936703428943,0.0430632965710571,2.56092882449358,1,replayed_pf_result
39,19,3,8,0.851195595550867,0.0488044044491326,2.91075372920646,1,replayed_pf_result
39,19,3,9,0.905345113310796,0,0,1,replayed_pf_result
39,19,3,10,0.930433698277331,0,0,1,replayed_pf_result
39,19,3,11,0.911858553340068,0,0,1,replayed_pf_result
39,19,3,12,0.9008786919261,0,0,1,replayed_pf_result
39,19,3,13,0.922074903783638,0,0,1,replayed_pf_result
39,19,3,14,0.90898397243403,0,0,1,replayed_pf_result
39,19,3,15,0.9254097272659,0,0,1,replayed_pf_result
39,19,3,16,0.949113884662732,0,0,1,replayed_pf_result
39,19,3,17,0.926748283225834,0,0,1,replayed_pf_result
39,19,3,18,0.914701114068583,0,0,1,replayed_pf_result
39,19,3,19,1.01826189545077,0,0,1,replayed_pf_result
39,19,3,20,0.968006457229851,0,0,1,replayed_pf_result
39,19,3,21,0.957455064884227,0,0,1,replayed_pf_result
39,19,3,22,0.982620758538756,0,0,1,replayed_pf_result
39,19,3,23,0.970906003491167,0,0,1,replayed_pf_result
39,19,3,24,0.957132364583341,0,0,1,replayed_pf_result
39,19,3,25,0.971257689915426,0,0,1,replayed_pf_result
39,19,3,26,0.934516214515523,0,0,1,replayed_pf_result
39,19,3,27,0.912907888139671,0,0,1,replayed_pf_result
39,19,3,28,0.977744731493369,0,0,1,replayed_pf_result
39,19,3,29,0.992286358093532,0,0,1,replayed_pf_result
39,19,3,30,1,0,0,1,replayed_pf_result
39,19,3,31,0.982,0,0,1,replayed_pf_result
39,19,3,32,1,0,0,1,replayed_pf_result
39,19,3,33,1,0,0,1,replayed_pf_result
39,19,3,34,1,0,0,1,replayed_pf_result
39,19,3,35,1,0,0,1,replayed_pf_result
39,19,3,36,1.0636,0,0,1,replayed_pf_result
39,19,3,37,1,0,0,1,replayed_pf_result
39,19,3,38,1,0,0,1,replayed_pf_result
39,19,3,39,0.999999999999999,0,0,1,replayed_pf_result
39,19,4,1,1.0393836,0,0,1,replayed_after_load_shedding
39,19,4,2,1.0484941,0,0,1,replayed_after_load_shedding
39,19,4,3,0.895800796453527,0.00419920354647318,0.244897692912366,1,replayed_after_load_shedding
39,19,4,4,0.862183810002137,0.0378161899978626,2.24295692338185,1,replayed_after_load_shedding
39,19,4,5,0.849919910354199,0.0500800896458007,2.98875858586771,1,replayed_after_load_shedding
39,19,4,6,0.851602271737995,0.0483977282620055,2.88590744070293,1,replayed_after_load_shedding
39,19,4,7,0.836111644809666,0.0638883551903342,3.83949714358938,1,replayed_after_load_shedding
39,19,4,8,0.832965936353034,0.0670340636469665,4.03495525299389,1,replayed_after_load_shedding
39,19,4,9,1.038332,0,0,1,replayed_after_load_shedding
39,19,4,10,0.893164268724458,0.00683573127554182,0.399186448920228,1,replayed_after_load_shedding
39,19,4,11,0.876063135521774,0.0239368644782258,1.40987644908604,1,replayed_after_load_shedding
39,19,4,12,0.867741588148814,0.0322584118511864,1.9079730693227,1,replayed_after_load_shedding
39,19,4,13,0.886940444746687,0.0130595552533126,0.76502023501902,1,replayed_after_load_shedding
39,19,4,14,0.882734934617371,0.0172650653826295,1.01351057702848,1,replayed_after_load_shedding
39,19,4,15,0.919953963364907,0,0,1,replayed_after_load_shedding
39,19,4,16,0.950676642597835,0,0,1,replayed_after_load_shedding
39,19,4,17,0.934244475807993,0,0,1,replayed_after_load_shedding
39,19,4,18,0.918245471811933,0,0,1,replayed_after_load_shedding
39,19,4,19,1.01937184042329,0,0,1,replayed_after_load_shedding
39,19,4,20,0.970430544768076,0,0,1,replayed_after_load_shedding
39,19,4,21,0.960827843219975,0,0,1,replayed_after_load_shedding
39,19,4,22,0.985055589913454,0,0,1,replayed_after_load_shedding
39,19,4,23,0.974264298033974,0,0,1,replayed_after_load_shedding
39,19,4,24,0.958347698956313,0,0,1,replayed_after_load_shedding
39,19,4,25,1.0576827,0,0,1,replayed_after_load_shedding
39,19,4,26,1.0525613,0,0,1,replayed_after_load_shedding
39,19,4,27,1.0383449,0,0,1,replayed_after_load_shedding
39,19,4,28,1.0503737,0,0,1,replayed_after_load_shedding
39,19,4,29,1.0501149,0,0,1,replayed_after_load_shedding
39,19,4,30,1.0499,0,0,1,replayed_after_load_shedding
39,19,4,31,0.982,0,0,1,replayed_after_load_shedding
39,19,4,32,1,0,0,1,replayed_after_load_shedding
39,19,4,33,1,0,0,1,replayed_after_load_shedding
39,19,4,34,1,0,0,1,replayed_after_load_shedding
39,19,4,35,1,0,0,1,replayed_after_load_shedding
39,19,4,36,1.0636,0,0,1,replayed_after_load_shedding
39,19,4,37,1.0275,0,0,1,replayed_after_load_shedding
39,19,4,38,1.0265,0,0,1,replayed_after_load_shedding
39,19,4,39,1.03,0,0,1,replayed_after_load_shedding
39,20,1,1,1.00489577959945,0,0,1,replayed_pf_result
39,20,1,2,1.01086804250306,0,0,1,replayed_pf_result
39,20,1,3,0.994510474350353,0,0,1,replayed_pf_result
39,20,1,4,0.968808607377073,0,0,1,replayed_pf_result
39,20,1,5,0.970652454814043,0,0,1,replayed_pf_result
39,20,1,6,0.974188966950331,0,0,1,replayed_pf_result
39,20,1,7,0.962262066472891,0,0,1,replayed_pf_result
39,20,1,8,0.961167669304098,0,0,1,replayed_pf_result
39,20,1,9,1.00278350067151,0,0,1,replayed_pf_result
39,20,1,10,0.995649084016779,0,0,1,replayed_pf_result
39,20,1,11,0.987278910923248,0,0,1,replayed_pf_result
39,20,1,12,0.974207645582538,0,0,1,replayed_pf_result
39,20,1,13,0.989302071967621,0,0,1,replayed_pf_result
39,20,1,14,0.980467301549685,0,0,1,replayed_pf_result
39,20,1,15,0.983496507524158,0,0,1,replayed_pf_result
39,20,1,16,1.00120406307779,0,0,1,replayed_pf_result
39,20,1,17,1.00108293442193,0,0,1,replayed_pf_result
39,20,1,18,0.997111609973165,0,0,1,replayed_pf_result
39,20,1,19,1.03741889004799,0,0,1,replayed_pf_result
39,20,1,20,0.978467490449945,0,0,1,replayed_pf_result
39,20,1,21,0.996455431155896,0,0,1,replayed_pf_result
39,20,1,22,1.0071125890097,0,0,1,replayed_pf_result
39,20,1,23,1.00095054906937,0,0,1,replayed_pf_result
39,20,1,24,1.00592052629268,0,0,1,replayed_pf_result
39,20,1,25,1.01818059364111,0,0,1,replayed_pf_result
39,20,1,26,1.01835547184107,0,0,1,replayed_pf_result
39,20,1,27,1.0042382891012,0,0,1,replayed_pf_result
39,20,1,28,1.02102605338727,0,0,1,replayed_pf_result
39,20,1,29,1.02194915856121,0,0,1,replayed_pf_result
39,20,1,30,1,0,0,1,replayed_pf_result
39,20,1,31,1,0,0,1,replayed_pf_result
39,20,1,32,1,0,0,1,replayed_pf_result
39,20,1,33,1,0,0,1,replayed_pf_result
39,20,1,34,1,0,0,1,replayed_pf_result
39,20,1,35,1,0,0,1,replayed_pf_result
39,20,1,36,1.0636,0,0,1,replayed_pf_result
39,20,1,37,1,0,0,1,replayed_pf_result
39,20,1,38,1,0,0,1,replayed_pf_result
39,20,1,39,1,0,0,1,replayed_pf_result
40,1,1,1,1.0012832634345,0,0,1,replayed_pf_result
40,1,1,2,1.00728035407401,0,0,1,replayed_pf_result
40,1,1,3,0.997953909934014,0,0,1,replayed_pf_result
40,1,1,4,0.985510023972363,0,0,1,replayed_pf_result
40,1,1,5,0.993398180769742,0,0,1,replayed_pf_result
40,1,1,6,0.997518597761855,0,0,1,replayed_pf_result
40,1,1,7,0.985093955634017,0,0,1,replayed_pf_result
40,1,1,8,0.983445107453843,0,0,1,replayed_pf_result
40,1,1,9,1.01345695845792,0,0,1,replayed_pf_result
40,1,1,10,1.01154130230139,0,0,1,replayed_pf_result
40,1,1,11,1.00559389878847,0,0,1,replayed_pf_result
40,1,1,12,0.992042454947575,0,0,1,replayed_pf_result
40,1,1,13,1.0056216637078,0,0,1,replayed_pf_result
40,1,1,14,0.996036185701996,0,0,1,replayed_pf_result
40,1,1,15,0.989859905290388,0,0,1,replayed_pf_result
40,1,1,16,1.00228467832964,0,0,1,replayed_pf_result
40,1,1,17,1.00200839211169,0,0,1,replayed_pf_result
40,1,1,18,0.99909974530267,0,0,1,replayed_pf_result
40,1,1,19,1.03781622402678,0,0,1,replayed_pf_result
40,1,1,20,0.978684419910266,0,0,1,replayed_pf_result
40,1,1,21,0.993703425257765,0,0,1,replayed_pf_result
40,1,1,22,1.00380583114651,0,0,1,replayed_pf_result
40,1,1,23,0.996574533497004,0,0,1,replayed_pf_result
40,1,1,24,1.00515713714851,0,0,1,replayed_pf_result
40,1,1,25,1.02251527578008,0,0,1,replayed_pf_result
40,1,1,26,1.0162840140948,0,0,1,replayed_pf_result
40,1,1,27,1.00386893018106,0,0,1,replayed_pf_result
40,1,1,28,1.01995737358777,0,0,1,replayed_pf_result
40,1,1,29,1.02121675250892,0,0,1,replayed_pf_result
40,1,1,30,1,0,0,1,replayed_pf_result
40,1,1,31,1,0,0,1,replayed_pf_result
40,1,1,32,1,0,0,1,replayed_pf_result
40,1,1,33,1,0,0,1,replayed_pf_result
40,1,1,34,1,0,0,1,replayed_pf_result
40,1,1,35,1,0,0,1,replayed_pf_result
40,1,1,36,1,0,0,1,replayed_pf_result
40,1,1,37,1,0,0,1,replayed_pf_result
40,1,1,38,1,0,0,1,replayed_pf_result
40,1,1,39,1,0,0,1,replayed_pf_result
40,2,1,1,1.0012832634345,0,0,1,replayed_pf_result
40,2,1,2,1.00728035407401,0,0,1,replayed_pf_result
40,2,1,3,0.997953909934014,0,0,1,replayed_pf_result
40,2,1,4,0.985510023972363,0,0,1,replayed_pf_result
40,2,1,5,0.993398180769742,0,0,1,replayed_pf_result
40,2,1,6,0.997518597761855,0,0,1,replayed_pf_result
40,2,1,7,0.985093955634017,0,0,1,replayed_pf_result
40,2,1,8,0.983445107453843,0,0,1,replayed_pf_result
40,2,1,9,1.01345695845792,0,0,1,replayed_pf_result
40,2,1,10,1.01154130230139,0,0,1,replayed_pf_result
40,2,1,11,1.00559389878847,0,0,1,replayed_pf_result
40,2,1,12,0.992042454947575,0,0,1,replayed_pf_result
40,2,1,13,1.0056216637078,0,0,1,replayed_pf_result
40,2,1,14,0.996036185701996,0,0,1,replayed_pf_result
40,2,1,15,0.989859905290388,0,0,1,replayed_pf_result
40,2,1,16,1.00228467832964,0,0,1,replayed_pf_result
40,2,1,17,1.00200839211169,0,0,1,replayed_pf_result
40,2,1,18,0.99909974530267,0,0,1,replayed_pf_result
40,2,1,19,1.03781622402678,0,0,1,replayed_pf_result
40,2,1,20,0.978684419910266,0,0,1,replayed_pf_result
40,2,1,21,0.993703425257765,0,0,1,replayed_pf_result
40,2,1,22,1.00380583114651,0,0,1,replayed_pf_result
40,2,1,23,0.996574533497004,0,0,1,replayed_pf_result
40,2,1,24,1.00515713714851,0,0,1,replayed_pf_result
40,2,1,25,1.02251527578008,0,0,1,replayed_pf_result
40,2,1,26,1.0162840140948,0,0,1,replayed_pf_result
40,2,1,27,1.00386893018106,0,0,1,replayed_pf_result
40,2,1,28,1.01995737358777,0,0,1,replayed_pf_result
40,2,1,29,1.02121675250892,0,0,1,replayed_pf_result
40,2,1,30,1,0,0,1,replayed_pf_result
40,2,1,31,1,0,0,1,replayed_pf_result
40,2,1,32,1,0,0,1,replayed_pf_result
40,2,1,33,1,0,0,1,replayed_pf_result
40,2,1,34,1,0,0,1,replayed_pf_result
40,2,1,35,1,0,0,1,replayed_pf_result
40,2,1,36,1,0,0,1,replayed_pf_result
40,2,1,37,1,0,0,1,replayed_pf_result
40,2,1,38,1,0,0,1,replayed_pf_result
40,2,1,39,1,0,0,1,replayed_pf_result
40,3,1,1,1.0012832634345,0,0,1,replayed_pf_result
40,3,1,2,1.00728035407401,0,0,1,replayed_pf_result
40,3,1,3,0.997953909934014,0,0,1,replayed_pf_result
40,3,1,4,0.985510023972363,0,0,1,replayed_pf_result
40,3,1,5,0.993398180769742,0,0,1,replayed_pf_result
40,3,1,6,0.997518597761855,0,0,1,replayed_pf_result
40,3,1,7,0.985093955634017,0,0,1,replayed_pf_result
40,3,1,8,0.983445107453843,0,0,1,replayed_pf_result
40,3,1,9,1.01345695845792,0,0,1,replayed_pf_result
40,3,1,10,1.01154130230139,0,0,1,replayed_pf_result
40,3,1,11,1.00559389878847,0,0,1,replayed_pf_result
40,3,1,12,0.992042454947575,0,0,1,replayed_pf_result
40,3,1,13,1.0056216637078,0,0,1,replayed_pf_result
40,3,1,14,0.996036185701996,0,0,1,replayed_pf_result
40,3,1,15,0.989859905290388,0,0,1,replayed_pf_result
40,3,1,16,1.00228467832964,0,0,1,replayed_pf_result
40,3,1,17,1.00200839211169,0,0,1,replayed_pf_result
40,3,1,18,0.99909974530267,0,0,1,replayed_pf_result
40,3,1,19,1.03781622402678,0,0,1,replayed_pf_result
40,3,1,20,0.978684419910266,0,0,1,replayed_pf_result
40,3,1,21,0.993703425257765,0,0,1,replayed_pf_result
40,3,1,22,1.00380583114651,0,0,1,replayed_pf_result
40,3,1,23,0.996574533497004,0,0,1,replayed_pf_result
40,3,1,24,1.00515713714851,0,0,1,replayed_pf_result
40,3,1,25,1.02251527578008,0,0,1,replayed_pf_result
40,3,1,26,1.0162840140948,0,0,1,replayed_pf_result
40,3,1,27,1.00386893018106,0,0,1,replayed_pf_result
40,3,1,28,1.01995737358777,0,0,1,replayed_pf_result
40,3,1,29,1.02121675250892,0,0,1,replayed_pf_result
40,3,1,30,1,0,0,1,replayed_pf_result
40,3,1,31,1,0,0,1,replayed_pf_result
40,3,1,32,1,0,0,1,replayed_pf_result
40,3,1,33,1,0,0,1,replayed_pf_result
40,3,1,34,1,0,0,1,replayed_pf_result
40,3,1,35,1,0,0,1,replayed_pf_result
40,3,1,36,1,0,0,1,replayed_pf_result
40,3,1,37,1,0,0,1,replayed_pf_result
40,3,1,38,1,0,0,1,replayed_pf_result
40,3,1,39,1,0,0,1,replayed_pf_result
40,4,1,1,1.0012832634345,0,0,1,replayed_pf_result
40,4,1,2,1.00728035407401,0,0,1,replayed_pf_result
40,4,1,3,0.997953909934014,0,0,1,replayed_pf_result
40,4,1,4,0.985510023972363,0,0,1,replayed_pf_result
40,4,1,5,0.993398180769742,0,0,1,replayed_pf_result
40,4,1,6,0.997518597761855,0,0,1,replayed_pf_result
40,4,1,7,0.985093955634017,0,0,1,replayed_pf_result
40,4,1,8,0.983445107453843,0,0,1,replayed_pf_result
40,4,1,9,1.01345695845792,0,0,1,replayed_pf_result
40,4,1,10,1.01154130230139,0,0,1,replayed_pf_result
40,4,1,11,1.00559389878847,0,0,1,replayed_pf_result
40,4,1,12,0.992042454947575,0,0,1,replayed_pf_result
40,4,1,13,1.0056216637078,0,0,1,replayed_pf_result
40,4,1,14,0.996036185701996,0,0,1,replayed_pf_result
40,4,1,15,0.989859905290388,0,0,1,replayed_pf_result
40,4,1,16,1.00228467832964,0,0,1,replayed_pf_result
40,4,1,17,1.00200839211169,0,0,1,replayed_pf_result
40,4,1,18,0.99909974530267,0,0,1,replayed_pf_result
40,4,1,19,1.03781622402678,0,0,1,replayed_pf_result
40,4,1,20,0.978684419910266,0,0,1,replayed_pf_result
40,4,1,21,0.993703425257765,0,0,1,replayed_pf_result
40,4,1,22,1.00380583114651,0,0,1,replayed_pf_result
40,4,1,23,0.996574533497004,0,0,1,replayed_pf_result
40,4,1,24,1.00515713714851,0,0,1,replayed_pf_result
40,4,1,25,1.02251527578008,0,0,1,replayed_pf_result
40,4,1,26,1.0162840140948,0,0,1,replayed_pf_result
40,4,1,27,1.00386893018106,0,0,1,replayed_pf_result
40,4,1,28,1.01995737358777,0,0,1,replayed_pf_result
40,4,1,29,1.02121675250892,0,0,1,replayed_pf_result
40,4,1,30,1,0,0,1,replayed_pf_result
40,4,1,31,1,0,0,1,replayed_pf_result
40,4,1,32,1,0,0,1,replayed_pf_result
40,4,1,33,1,0,0,1,replayed_pf_result
40,4,1,34,1,0,0,1,replayed_pf_result
40,4,1,35,1,0,0,1,replayed_pf_result
40,4,1,36,1,0,0,1,replayed_pf_result
40,4,1,37,1,0,0,1,replayed_pf_result
40,4,1,38,1,0,0,1,replayed_pf_result
40,4,1,39,1,0,0,1,replayed_pf_result
40,5,1,1,1.0012832634345,0,0,1,replayed_pf_result
40,5,1,2,1.00728035407401,0,0,1,replayed_pf_result
40,5,1,3,0.997953909934014,0,0,1,replayed_pf_result
40,5,1,4,0.985510023972363,0,0,1,replayed_pf_result
40,5,1,5,0.993398180769742,0,0,1,replayed_pf_result
40,5,1,6,0.997518597761855,0,0,1,replayed_pf_result
40,5,1,7,0.985093955634017,0,0,1,replayed_pf_result
40,5,1,8,0.983445107453843,0,0,1,replayed_pf_result
40,5,1,9,1.01345695845792,0,0,1,replayed_pf_result
40,5,1,10,1.01154130230139,0,0,1,replayed_pf_result
40,5,1,11,1.00559389878847,0,0,1,replayed_pf_result
40,5,1,12,0.992042454947575,0,0,1,replayed_pf_result
40,5,1,13,1.0056216637078,0,0,1,replayed_pf_result
40,5,1,14,0.996036185701996,0,0,1,replayed_pf_result
40,5,1,15,0.989859905290388,0,0,1,replayed_pf_result
40,5,1,16,1.00228467832964,0,0,1,replayed_pf_result
40,5,1,17,1.00200839211169,0,0,1,replayed_pf_result
40,5,1,18,0.99909974530267,0,0,1,replayed_pf_result
40,5,1,19,1.03781622402678,0,0,1,replayed_pf_result
40,5,1,20,0.978684419910266,0,0,1,replayed_pf_result
40,5,1,21,0.993703425257765,0,0,1,replayed_pf_result
40,5,1,22,1.00380583114651,0,0,1,replayed_pf_result
40,5,1,23,0.996574533497004,0,0,1,replayed_pf_result
40,5,1,24,1.00515713714851,0,0,1,replayed_pf_result
40,5,1,25,1.02251527578008,0,0,1,replayed_pf_result
40,5,1,26,1.0162840140948,0,0,1,replayed_pf_result
40,5,1,27,1.00386893018106,0,0,1,replayed_pf_result
40,5,1,28,1.01995737358777,0,0,1,replayed_pf_result
40,5,1,29,1.02121675250892,0,0,1,replayed_pf_result
40,5,1,30,1,0,0,1,replayed_pf_result
40,5,1,31,1,0,0,1,replayed_pf_result
40,5,1,32,1,0,0,1,replayed_pf_result
40,5,1,33,1,0,0,1,replayed_pf_result
40,5,1,34,1,0,0,1,replayed_pf_result
40,5,1,35,1,0,0,1,replayed_pf_result
40,5,1,36,1,0,0,1,replayed_pf_result
40,5,1,37,1,0,0,1,replayed_pf_result
40,5,1,38,1,0,0,1,replayed_pf_result
40,5,1,39,1,0,0,1,replayed_pf_result
40,6,1,1,1.0012832634345,0,0,1,replayed_pf_result
40,6,1,2,1.00728035407401,0,0,1,replayed_pf_result
40,6,1,3,0.997953909934014,0,0,1,replayed_pf_result
40,6,1,4,0.985510023972363,0,0,1,replayed_pf_result
40,6,1,5,0.993398180769742,0,0,1,replayed_pf_result
40,6,1,6,0.997518597761855,0,0,1,replayed_pf_result
40,6,1,7,0.985093955634017,0,0,1,replayed_pf_result
40,6,1,8,0.983445107453843,0,0,1,replayed_pf_result
40,6,1,9,1.01345695845792,0,0,1,replayed_pf_result
40,6,1,10,1.01154130230139,0,0,1,replayed_pf_result
40,6,1,11,1.00559389878847,0,0,1,replayed_pf_result
40,6,1,12,0.992042454947575,0,0,1,replayed_pf_result
40,6,1,13,1.0056216637078,0,0,1,replayed_pf_result
40,6,1,14,0.996036185701996,0,0,1,replayed_pf_result
40,6,1,15,0.989859905290388,0,0,1,replayed_pf_result
40,6,1,16,1.00228467832964,0,0,1,replayed_pf_result
40,6,1,17,1.00200839211169,0,0,1,replayed_pf_result
40,6,1,18,0.99909974530267,0,0,1,replayed_pf_result
40,6,1,19,1.03781622402678,0,0,1,replayed_pf_result
40,6,1,20,0.978684419910266,0,0,1,replayed_pf_result
40,6,1,21,0.993703425257765,0,0,1,replayed_pf_result
40,6,1,22,1.00380583114651,0,0,1,replayed_pf_result
40,6,1,23,0.996574533497004,0,0,1,replayed_pf_result
40,6,1,24,1.00515713714851,0,0,1,replayed_pf_result
40,6,1,25,1.02251527578008,0,0,1,replayed_pf_result
40,6,1,26,1.0162840140948,0,0,1,replayed_pf_result
40,6,1,27,1.00386893018106,0,0,1,replayed_pf_result
40,6,1,28,1.01995737358777,0,0,1,replayed_pf_result
40,6,1,29,1.02121675250892,0,0,1,replayed_pf_result
40,6,1,30,1,0,0,1,replayed_pf_result
40,6,1,31,1,0,0,1,replayed_pf_result
40,6,1,32,1,0,0,1,replayed_pf_result
40,6,1,33,1,0,0,1,replayed_pf_result
40,6,1,34,1,0,0,1,replayed_pf_result
40,6,1,35,1,0,0,1,replayed_pf_result
40,6,1,36,1,0,0,1,replayed_pf_result
40,6,1,37,1,0,0,1,replayed_pf_result
40,6,1,38,1,0,0,1,replayed_pf_result
40,6,1,39,1,0,0,1,replayed_pf_result
40,7,1,1,1.0012832634345,0,0,1,replayed_pf_result
40,7,1,2,1.00728035407401,0,0,1,replayed_pf_result
40,7,1,3,0.997953909934014,0,0,1,replayed_pf_result
40,7,1,4,0.985510023972363,0,0,1,replayed_pf_result
40,7,1,5,0.993398180769742,0,0,1,replayed_pf_result
40,7,1,6,0.997518597761855,0,0,1,replayed_pf_result
40,7,1,7,0.985093955634017,0,0,1,replayed_pf_result
40,7,1,8,0.983445107453843,0,0,1,replayed_pf_result
40,7,1,9,1.01345695845792,0,0,1,replayed_pf_result
40,7,1,10,1.01154130230139,0,0,1,replayed_pf_result
40,7,1,11,1.00559389878847,0,0,1,replayed_pf_result
40,7,1,12,0.992042454947575,0,0,1,replayed_pf_result
40,7,1,13,1.0056216637078,0,0,1,replayed_pf_result
40,7,1,14,0.996036185701996,0,0,1,replayed_pf_result
40,7,1,15,0.989859905290388,0,0,1,replayed_pf_result
40,7,1,16,1.00228467832964,0,0,1,replayed_pf_result
40,7,1,17,1.00200839211169,0,0,1,replayed_pf_result
40,7,1,18,0.99909974530267,0,0,1,replayed_pf_result
40,7,1,19,1.03781622402678,0,0,1,replayed_pf_result
40,7,1,20,0.978684419910266,0,0,1,replayed_pf_result
40,7,1,21,0.993703425257765,0,0,1,replayed_pf_result
40,7,1,22,1.00380583114651,0,0,1,replayed_pf_result
40,7,1,23,0.996574533497004,0,0,1,replayed_pf_result
40,7,1,24,1.00515713714851,0,0,1,replayed_pf_result
40,7,1,25,1.02251527578008,0,0,1,replayed_pf_result
40,7,1,26,1.0162840140948,0,0,1,replayed_pf_result
40,7,1,27,1.00386893018106,0,0,1,replayed_pf_result
40,7,1,28,1.01995737358777,0,0,1,replayed_pf_result
40,7,1,29,1.02121675250892,0,0,1,replayed_pf_result
40,7,1,30,1,0,0,1,replayed_pf_result
40,7,1,31,1,0,0,1,replayed_pf_result
40,7,1,32,1,0,0,1,replayed_pf_result
40,7,1,33,1,0,0,1,replayed_pf_result
40,7,1,34,1,0,0,1,replayed_pf_result
40,7,1,35,1,0,0,1,replayed_pf_result
40,7,1,36,1,0,0,1,replayed_pf_result
40,7,1,37,1,0,0,1,replayed_pf_result
40,7,1,38,1,0,0,1,replayed_pf_result
40,7,1,39,1,0,0,1,replayed_pf_result
40,8,1,1,1.0012832634345,0,0,1,replayed_pf_result
40,8,1,2,1.00728035407401,0,0,1,replayed_pf_result
40,8,1,3,0.997953909934014,0,0,1,replayed_pf_result
40,8,1,4,0.985510023972363,0,0,1,replayed_pf_result
40,8,1,5,0.993398180769742,0,0,1,replayed_pf_result
40,8,1,6,0.997518597761855,0,0,1,replayed_pf_result
40,8,1,7,0.985093955634017,0,0,1,replayed_pf_result
40,8,1,8,0.983445107453843,0,0,1,replayed_pf_result
40,8,1,9,1.01345695845792,0,0,1,replayed_pf_result
40,8,1,10,1.01154130230139,0,0,1,replayed_pf_result
40,8,1,11,1.00559389878847,0,0,1,replayed_pf_result
40,8,1,12,0.992042454947575,0,0,1,replayed_pf_result
40,8,1,13,1.0056216637078,0,0,1,replayed_pf_result
40,8,1,14,0.996036185701996,0,0,1,replayed_pf_result
40,8,1,15,0.989859905290388,0,0,1,replayed_pf_result
40,8,1,16,1.00228467832964,0,0,1,replayed_pf_result
40,8,1,17,1.00200839211169,0,0,1,replayed_pf_result
40,8,1,18,0.99909974530267,0,0,1,replayed_pf_result
40,8,1,19,1.03781622402678,0,0,1,replayed_pf_result
40,8,1,20,0.978684419910266,0,0,1,replayed_pf_result
40,8,1,21,0.993703425257765,0,0,1,replayed_pf_result
40,8,1,22,1.00380583114651,0,0,1,replayed_pf_result
40,8,1,23,0.996574533497004,0,0,1,replayed_pf_result
40,8,1,24,1.00515713714851,0,0,1,replayed_pf_result
40,8,1,25,1.02251527578008,0,0,1,replayed_pf_result
40,8,1,26,1.0162840140948,0,0,1,replayed_pf_result
40,8,1,27,1.00386893018106,0,0,1,replayed_pf_result
40,8,1,28,1.01995737358777,0,0,1,replayed_pf_result
40,8,1,29,1.02121675250892,0,0,1,replayed_pf_result
40,8,1,30,1,0,0,1,replayed_pf_result
40,8,1,31,1,0,0,1,replayed_pf_result
40,8,1,32,1,0,0,1,replayed_pf_result
40,8,1,33,1,0,0,1,replayed_pf_result
40,8,1,34,1,0,0,1,replayed_pf_result
40,8,1,35,1,0,0,1,replayed_pf_result
40,8,1,36,1,0,0,1,replayed_pf_result
40,8,1,37,1,0,0,1,replayed_pf_result
40,8,1,38,1,0,0,1,replayed_pf_result
40,8,1,39,1,0,0,1,replayed_pf_result
40,9,1,1,1.0012832634345,0,0,1,replayed_pf_result
40,9,1,2,1.00728035407401,0,0,1,replayed_pf_result
40,9,1,3,0.997953909934014,0,0,1,replayed_pf_result
40,9,1,4,0.985510023972363,0,0,1,replayed_pf_result
40,9,1,5,0.993398180769742,0,0,1,replayed_pf_result
40,9,1,6,0.997518597761855,0,0,1,replayed_pf_result
40,9,1,7,0.985093955634017,0,0,1,replayed_pf_result
40,9,1,8,0.983445107453843,0,0,1,replayed_pf_result
40,9,1,9,1.01345695845792,0,0,1,replayed_pf_result
40,9,1,10,1.01154130230139,0,0,1,replayed_pf_result
40,9,1,11,1.00559389878847,0,0,1,replayed_pf_result
40,9,1,12,0.992042454947575,0,0,1,replayed_pf_result
40,9,1,13,1.0056216637078,0,0,1,replayed_pf_result
40,9,1,14,0.996036185701996,0,0,1,replayed_pf_result
40,9,1,15,0.989859905290388,0,0,1,replayed_pf_result
40,9,1,16,1.00228467832964,0,0,1,replayed_pf_result
40,9,1,17,1.00200839211169,0,0,1,replayed_pf_result
40,9,1,18,0.99909974530267,0,0,1,replayed_pf_result
40,9,1,19,1.03781622402678,0,0,1,replayed_pf_result
40,9,1,20,0.978684419910266,0,0,1,replayed_pf_result
40,9,1,21,0.993703425257765,0,0,1,replayed_pf_result
40,9,1,22,1.00380583114651,0,0,1,replayed_pf_result
40,9,1,23,0.996574533497004,0,0,1,replayed_pf_result
40,9,1,24,1.00515713714851,0,0,1,replayed_pf_result
40,9,1,25,1.02251527578008,0,0,1,replayed_pf_result
40,9,1,26,1.0162840140948,0,0,1,replayed_pf_result
40,9,1,27,1.00386893018106,0,0,1,replayed_pf_result
40,9,1,28,1.01995737358777,0,0,1,replayed_pf_result
40,9,1,29,1.02121675250892,0,0,1,replayed_pf_result
40,9,1,30,1,0,0,1,replayed_pf_result
40,9,1,31,1,0,0,1,replayed_pf_result
40,9,1,32,1,0,0,1,replayed_pf_result
40,9,1,33,1,0,0,1,replayed_pf_result
40,9,1,34,1,0,0,1,replayed_pf_result
40,9,1,35,1,0,0,1,replayed_pf_result
40,9,1,36,1,0,0,1,replayed_pf_result
40,9,1,37,1,0,0,1,replayed_pf_result
40,9,1,38,1,0,0,1,replayed_pf_result
40,9,1,39,1,0,0,1,replayed_pf_result
40,10,1,1,1.0012832634345,0,0,1,replayed_pf_result
40,10,1,2,1.00728035407401,0,0,1,replayed_pf_result
40,10,1,3,0.997953909934014,0,0,1,replayed_pf_result
40,10,1,4,0.985510023972363,0,0,1,replayed_pf_result
40,10,1,5,0.993398180769742,0,0,1,replayed_pf_result
40,10,1,6,0.997518597761855,0,0,1,replayed_pf_result
40,10,1,7,0.985093955634017,0,0,1,replayed_pf_result
40,10,1,8,0.983445107453843,0,0,1,replayed_pf_result
40,10,1,9,1.01345695845792,0,0,1,replayed_pf_result
40,10,1,10,1.01154130230139,0,0,1,replayed_pf_result
40,10,1,11,1.00559389878847,0,0,1,replayed_pf_result
40,10,1,12,0.992042454947575,0,0,1,replayed_pf_result
40,10,1,13,1.0056216637078,0,0,1,replayed_pf_result
40,10,1,14,0.996036185701996,0,0,1,replayed_pf_result
40,10,1,15,0.989859905290388,0,0,1,replayed_pf_result
40,10,1,16,1.00228467832964,0,0,1,replayed_pf_result
40,10,1,17,1.00200839211169,0,0,1,replayed_pf_result
40,10,1,18,0.99909974530267,0,0,1,replayed_pf_result
40,10,1,19,1.03781622402678,0,0,1,replayed_pf_result
40,10,1,20,0.978684419910266,0,0,1,replayed_pf_result
40,10,1,21,0.993703425257765,0,0,1,replayed_pf_result
40,10,1,22,1.00380583114651,0,0,1,replayed_pf_result
40,10,1,23,0.996574533497004,0,0,1,replayed_pf_result
40,10,1,24,1.00515713714851,0,0,1,replayed_pf_result
40,10,1,25,1.02251527578008,0,0,1,replayed_pf_result
40,10,1,26,1.0162840140948,0,0,1,replayed_pf_result
40,10,1,27,1.00386893018106,0,0,1,replayed_pf_result
40,10,1,28,1.01995737358777,0,0,1,replayed_pf_result
40,10,1,29,1.02121675250892,0,0,1,replayed_pf_result
40,10,1,30,1,0,0,1,replayed_pf_result
40,10,1,31,1,0,0,1,replayed_pf_result
40,10,1,32,1,0,0,1,replayed_pf_result
40,10,1,33,1,0,0,1,replayed_pf_result
40,10,1,34,1,0,0,1,replayed_pf_result
40,10,1,35,1,0,0,1,replayed_pf_result
40,10,1,36,1,0,0,1,replayed_pf_result
40,10,1,37,1,0,0,1,replayed_pf_result
40,10,1,38,1,0,0,1,replayed_pf_result
40,10,1,39,1,0,0,1,replayed_pf_result
40,11,1,1,1.0012832634345,0,0,1,replayed_pf_result
40,11,1,2,1.00728035407401,0,0,1,replayed_pf_result
40,11,1,3,0.997953909934014,0,0,1,replayed_pf_result
40,11,1,4,0.985510023972363,0,0,1,replayed_pf_result
40,11,1,5,0.993398180769742,0,0,1,replayed_pf_result
40,11,1,6,0.997518597761855,0,0,1,replayed_pf_result
40,11,1,7,0.985093955634017,0,0,1,replayed_pf_result
40,11,1,8,0.983445107453843,0,0,1,replayed_pf_result
40,11,1,9,1.01345695845792,0,0,1,replayed_pf_result
40,11,1,10,1.01154130230139,0,0,1,replayed_pf_result
40,11,1,11,1.00559389878847,0,0,1,replayed_pf_result
40,11,1,12,0.992042454947575,0,0,1,replayed_pf_result
40,11,1,13,1.0056216637078,0,0,1,replayed_pf_result
40,11,1,14,0.996036185701996,0,0,1,replayed_pf_result
40,11,1,15,0.989859905290388,0,0,1,replayed_pf_result
40,11,1,16,1.00228467832964,0,0,1,replayed_pf_result
40,11,1,17,1.00200839211169,0,0,1,replayed_pf_result
40,11,1,18,0.99909974530267,0,0,1,replayed_pf_result
40,11,1,19,1.03781622402678,0,0,1,replayed_pf_result
40,11,1,20,0.978684419910266,0,0,1,replayed_pf_result
40,11,1,21,0.993703425257765,0,0,1,replayed_pf_result
40,11,1,22,1.00380583114651,0,0,1,replayed_pf_result
40,11,1,23,0.996574533497004,0,0,1,replayed_pf_result
40,11,1,24,1.00515713714851,0,0,1,replayed_pf_result
40,11,1,25,1.02251527578008,0,0,1,replayed_pf_result
40,11,1,26,1.0162840140948,0,0,1,replayed_pf_result
40,11,1,27,1.00386893018106,0,0,1,replayed_pf_result
40,11,1,28,1.01995737358777,0,0,1,replayed_pf_result
40,11,1,29,1.02121675250892,0,0,1,replayed_pf_result
40,11,1,30,1,0,0,1,replayed_pf_result
40,11,1,31,1,0,0,1,replayed_pf_result
40,11,1,32,1,0,0,1,replayed_pf_result
40,11,1,33,1,0,0,1,replayed_pf_result
40,11,1,34,1,0,0,1,replayed_pf_result
40,11,1,35,1,0,0,1,replayed_pf_result
40,11,1,36,1,0,0,1,replayed_pf_result
40,11,1,37,1,0,0,1,replayed_pf_result
40,11,1,38,1,0,0,1,replayed_pf_result
40,11,1,39,1,0,0,1,replayed_pf_result
40,12,1,1,1.0012832634345,0,0,1,replayed_pf_result
40,12,1,2,1.00728035407401,0,0,1,replayed_pf_result
40,12,1,3,0.997953909934014,0,0,1,replayed_pf_result
40,12,1,4,0.985510023972363,0,0,1,replayed_pf_result
40,12,1,5,0.993398180769742,0,0,1,replayed_pf_result
40,12,1,6,0.997518597761855,0,0,1,replayed_pf_result
40,12,1,7,0.985093955634017,0,0,1,replayed_pf_result
40,12,1,8,0.983445107453843,0,0,1,replayed_pf_result
40,12,1,9,1.01345695845792,0,0,1,replayed_pf_result
40,12,1,10,1.01154130230139,0,0,1,replayed_pf_result
40,12,1,11,1.00559389878847,0,0,1,replayed_pf_result
40,12,1,12,0.992042454947575,0,0,1,replayed_pf_result
40,12,1,13,1.0056216637078,0,0,1,replayed_pf_result
40,12,1,14,0.996036185701996,0,0,1,replayed_pf_result
40,12,1,15,0.989859905290388,0,0,1,replayed_pf_result
40,12,1,16,1.00228467832964,0,0,1,replayed_pf_result
40,12,1,17,1.00200839211169,0,0,1,replayed_pf_result
40,12,1,18,0.99909974530267,0,0,1,replayed_pf_result
40,12,1,19,1.03781622402678,0,0,1,replayed_pf_result
40,12,1,20,0.978684419910266,0,0,1,replayed_pf_result
40,12,1,21,0.993703425257765,0,0,1,replayed_pf_result
40,12,1,22,1.00380583114651,0,0,1,replayed_pf_result
40,12,1,23,0.996574533497004,0,0,1,replayed_pf_result
40,12,1,24,1.00515713714851,0,0,1,replayed_pf_result
40,12,1,25,1.02251527578008,0,0,1,replayed_pf_result
40,12,1,26,1.0162840140948,0,0,1,replayed_pf_result
40,12,1,27,1.00386893018106,0,0,1,replayed_pf_result
40,12,1,28,1.01995737358777,0,0,1,replayed_pf_result
40,12,1,29,1.02121675250892,0,0,1,replayed_pf_result
40,12,1,30,1,0,0,1,replayed_pf_result
40,12,1,31,1,0,0,1,replayed_pf_result
40,12,1,32,1,0,0,1,replayed_pf_result
40,12,1,33,1,0,0,1,replayed_pf_result
40,12,1,34,1,0,0,1,replayed_pf_result
40,12,1,35,1,0,0,1,replayed_pf_result
40,12,1,36,1,0,0,1,replayed_pf_result
40,12,1,37,1,0,0,1,replayed_pf_result
40,12,1,38,1,0,0,1,replayed_pf_result
40,12,1,39,1,0,0,1,replayed_pf_result
40,13,1,1,1.0012832634345,0,0,1,replayed_pf_result
40,13,1,2,1.00728035407401,0,0,1,replayed_pf_result
40,13,1,3,0.997953909934014,0,0,1,replayed_pf_result
40,13,1,4,0.985510023972363,0,0,1,replayed_pf_result
40,13,1,5,0.993398180769742,0,0,1,replayed_pf_result
40,13,1,6,0.997518597761855,0,0,1,replayed_pf_result
40,13,1,7,0.985093955634017,0,0,1,replayed_pf_result
40,13,1,8,0.983445107453843,0,0,1,replayed_pf_result
40,13,1,9,1.01345695845792,0,0,1,replayed_pf_result
40,13,1,10,1.01154130230139,0,0,1,replayed_pf_result
40,13,1,11,1.00559389878847,0,0,1,replayed_pf_result
40,13,1,12,0.992042454947575,0,0,1,replayed_pf_result
40,13,1,13,1.0056216637078,0,0,1,replayed_pf_result
40,13,1,14,0.996036185701996,0,0,1,replayed_pf_result
40,13,1,15,0.989859905290388,0,0,1,replayed_pf_result
40,13,1,16,1.00228467832964,0,0,1,replayed_pf_result
40,13,1,17,1.00200839211169,0,0,1,replayed_pf_result
40,13,1,18,0.99909974530267,0,0,1,replayed_pf_result
40,13,1,19,1.03781622402678,0,0,1,replayed_pf_result
40,13,1,20,0.978684419910266,0,0,1,replayed_pf_result
40,13,1,21,0.993703425257765,0,0,1,replayed_pf_result
40,13,1,22,1.00380583114651,0,0,1,replayed_pf_result
40,13,1,23,0.996574533497004,0,0,1,replayed_pf_result
40,13,1,24,1.00515713714851,0,0,1,replayed_pf_result
40,13,1,25,1.02251527578008,0,0,1,replayed_pf_result
40,13,1,26,1.0162840140948,0,0,1,replayed_pf_result
40,13,1,27,1.00386893018106,0,0,1,replayed_pf_result
40,13,1,28,1.01995737358777,0,0,1,replayed_pf_result
40,13,1,29,1.02121675250892,0,0,1,replayed_pf_result
40,13,1,30,1,0,0,1,replayed_pf_result
40,13,1,31,1,0,0,1,replayed_pf_result
40,13,1,32,1,0,0,1,replayed_pf_result
40,13,1,33,1,0,0,1,replayed_pf_result
40,13,1,34,1,0,0,1,replayed_pf_result
40,13,1,35,1,0,0,1,replayed_pf_result
40,13,1,36,1,0,0,1,replayed_pf_result
40,13,1,37,1,0,0,1,replayed_pf_result
40,13,1,38,1,0,0,1,replayed_pf_result
40,13,1,39,1,0,0,1,replayed_pf_result
40,14,1,1,1.0012832634345,0,0,1,replayed_pf_result
40,14,1,2,1.00728035407401,0,0,1,replayed_pf_result
40,14,1,3,0.997953909934014,0,0,1,replayed_pf_result
40,14,1,4,0.985510023972363,0,0,1,replayed_pf_result
40,14,1,5,0.993398180769742,0,0,1,replayed_pf_result
40,14,1,6,0.997518597761855,0,0,1,replayed_pf_result
40,14,1,7,0.985093955634017,0,0,1,replayed_pf_result
40,14,1,8,0.983445107453843,0,0,1,replayed_pf_result
40,14,1,9,1.01345695845792,0,0,1,replayed_pf_result
40,14,1,10,1.01154130230139,0,0,1,replayed_pf_result
40,14,1,11,1.00559389878847,0,0,1,replayed_pf_result
40,14,1,12,0.992042454947575,0,0,1,replayed_pf_result
40,14,1,13,1.0056216637078,0,0,1,replayed_pf_result
40,14,1,14,0.996036185701996,0,0,1,replayed_pf_result
40,14,1,15,0.989859905290388,0,0,1,replayed_pf_result
40,14,1,16,1.00228467832964,0,0,1,replayed_pf_result
40,14,1,17,1.00200839211169,0,0,1,replayed_pf_result
40,14,1,18,0.99909974530267,0,0,1,replayed_pf_result
40,14,1,19,1.03781622402678,0,0,1,replayed_pf_result
40,14,1,20,0.978684419910266,0,0,1,replayed_pf_result
40,14,1,21,0.993703425257765,0,0,1,replayed_pf_result
40,14,1,22,1.00380583114651,0,0,1,replayed_pf_result
40,14,1,23,0.996574533497004,0,0,1,replayed_pf_result
40,14,1,24,1.00515713714851,0,0,1,replayed_pf_result
40,14,1,25,1.02251527578008,0,0,1,replayed_pf_result
40,14,1,26,1.0162840140948,0,0,1,replayed_pf_result
40,14,1,27,1.00386893018106,0,0,1,replayed_pf_result
40,14,1,28,1.01995737358777,0,0,1,replayed_pf_result
40,14,1,29,1.02121675250892,0,0,1,replayed_pf_result
40,14,1,30,1,0,0,1,replayed_pf_result
40,14,1,31,1,0,0,1,replayed_pf_result
40,14,1,32,1,0,0,1,replayed_pf_result
40,14,1,33,1,0,0,1,replayed_pf_result
40,14,1,34,1,0,0,1,replayed_pf_result
40,14,1,35,1,0,0,1,replayed_pf_result
40,14,1,36,1,0,0,1,replayed_pf_result
40,14,1,37,1,0,0,1,replayed_pf_result
40,14,1,38,1,0,0,1,replayed_pf_result
40,14,1,39,1,0,0,1,replayed_pf_result
40,15,1,1,1.0012832634345,0,0,1,replayed_pf_result
40,15,1,2,1.00728035407401,0,0,1,replayed_pf_result
40,15,1,3,0.997953909934014,0,0,1,replayed_pf_result
40,15,1,4,0.985510023972363,0,0,1,replayed_pf_result
40,15,1,5,0.993398180769742,0,0,1,replayed_pf_result
40,15,1,6,0.997518597761855,0,0,1,replayed_pf_result
40,15,1,7,0.985093955634017,0,0,1,replayed_pf_result
40,15,1,8,0.983445107453843,0,0,1,replayed_pf_result
40,15,1,9,1.01345695845792,0,0,1,replayed_pf_result
40,15,1,10,1.01154130230139,0,0,1,replayed_pf_result
40,15,1,11,1.00559389878847,0,0,1,replayed_pf_result
40,15,1,12,0.992042454947575,0,0,1,replayed_pf_result
40,15,1,13,1.0056216637078,0,0,1,replayed_pf_result
40,15,1,14,0.996036185701996,0,0,1,replayed_pf_result
40,15,1,15,0.989859905290388,0,0,1,replayed_pf_result
40,15,1,16,1.00228467832964,0,0,1,replayed_pf_result
40,15,1,17,1.00200839211169,0,0,1,replayed_pf_result
40,15,1,18,0.99909974530267,0,0,1,replayed_pf_result
40,15,1,19,1.03781622402678,0,0,1,replayed_pf_result
40,15,1,20,0.978684419910266,0,0,1,replayed_pf_result
40,15,1,21,0.993703425257765,0,0,1,replayed_pf_result
40,15,1,22,1.00380583114651,0,0,1,replayed_pf_result
40,15,1,23,0.996574533497004,0,0,1,replayed_pf_result
40,15,1,24,1.00515713714851,0,0,1,replayed_pf_result
40,15,1,25,1.02251527578008,0,0,1,replayed_pf_result
40,15,1,26,1.0162840140948,0,0,1,replayed_pf_result
40,15,1,27,1.00386893018106,0,0,1,replayed_pf_result
40,15,1,28,1.01995737358777,0,0,1,replayed_pf_result
40,15,1,29,1.02121675250892,0,0,1,replayed_pf_result
40,15,1,30,1,0,0,1,replayed_pf_result
40,15,1,31,1,0,0,1,replayed_pf_result
40,15,1,32,1,0,0,1,replayed_pf_result
40,15,1,33,1,0,0,1,replayed_pf_result
40,15,1,34,1,0,0,1,replayed_pf_result
40,15,1,35,1,0,0,1,replayed_pf_result
40,15,1,36,1,0,0,1,replayed_pf_result
40,15,1,37,1,0,0,1,replayed_pf_result
40,15,1,38,1,0,0,1,replayed_pf_result
40,15,1,39,1,0,0,1,replayed_pf_result
40,16,1,1,1.0012832634345,0,0,1,replayed_pf_result
40,16,1,2,1.00728035407401,0,0,1,replayed_pf_result
40,16,1,3,0.997953909934014,0,0,1,replayed_pf_result
40,16,1,4,0.985510023972363,0,0,1,replayed_pf_result
40,16,1,5,0.993398180769742,0,0,1,replayed_pf_result
40,16,1,6,0.997518597761855,0,0,1,replayed_pf_result
40,16,1,7,0.985093955634017,0,0,1,replayed_pf_result
40,16,1,8,0.983445107453843,0,0,1,replayed_pf_result
40,16,1,9,1.01345695845792,0,0,1,replayed_pf_result
40,16,1,10,1.01154130230139,0,0,1,replayed_pf_result
40,16,1,11,1.00559389878847,0,0,1,replayed_pf_result
40,16,1,12,0.992042454947575,0,0,1,replayed_pf_result
40,16,1,13,1.0056216637078,0,0,1,replayed_pf_result
40,16,1,14,0.996036185701996,0,0,1,replayed_pf_result
40,16,1,15,0.989859905290388,0,0,1,replayed_pf_result
40,16,1,16,1.00228467832964,0,0,1,replayed_pf_result
40,16,1,17,1.00200839211169,0,0,1,replayed_pf_result
40,16,1,18,0.99909974530267,0,0,1,replayed_pf_result
40,16,1,19,1.03781622402678,0,0,1,replayed_pf_result
40,16,1,20,0.978684419910266,0,0,1,replayed_pf_result
40,16,1,21,0.993703425257765,0,0,1,replayed_pf_result
40,16,1,22,1.00380583114651,0,0,1,replayed_pf_result
40,16,1,23,0.996574533497004,0,0,1,replayed_pf_result
40,16,1,24,1.00515713714851,0,0,1,replayed_pf_result
40,16,1,25,1.02251527578008,0,0,1,replayed_pf_result
40,16,1,26,1.0162840140948,0,0,1,replayed_pf_result
40,16,1,27,1.00386893018106,0,0,1,replayed_pf_result
40,16,1,28,1.01995737358777,0,0,1,replayed_pf_result
40,16,1,29,1.02121675250892,0,0,1,replayed_pf_result
40,16,1,30,1,0,0,1,replayed_pf_result
40,16,1,31,1,0,0,1,replayed_pf_result
40,16,1,32,1,0,0,1,replayed_pf_result
40,16,1,33,1,0,0,1,replayed_pf_result
40,16,1,34,1,0,0,1,replayed_pf_result
40,16,1,35,1,0,0,1,replayed_pf_result
40,16,1,36,1,0,0,1,replayed_pf_result
40,16,1,37,1,0,0,1,replayed_pf_result
40,16,1,38,1,0,0,1,replayed_pf_result
40,16,1,39,1,0,0,1,replayed_pf_result
40,16,2,1,0.996986571187259,0,0,1,replayed_pf_result
40,16,2,2,1.00117271296262,0,0,1,replayed_pf_result
40,16,2,3,0.988736269921889,0,0,1,replayed_pf_result
40,16,2,4,0.976233121218704,0,0,1,replayed_pf_result
40,16,2,5,0.982280818384001,0,0,1,replayed_pf_result
40,16,2,6,0.986898993865468,0,0,1,replayed_pf_result
40,16,2,7,0.97162250960636,0,0,1,replayed_pf_result
40,16,2,8,0.968934485850332,0,0,1,replayed_pf_result
40,16,2,9,0.998869733647496,0,0,1,replayed_pf_result
40,16,2,10,1.0045722593074,0,0,1,replayed_pf_result
40,16,2,11,0.99730528071949,0,0,1,replayed_pf_result
40,16,2,12,0.984223074569184,0,0,1,replayed_pf_result
40,16,2,13,0.998669705049131,0,0,1,replayed_pf_result
40,16,2,14,0.98894818687623,0,0,1,replayed_pf_result
40,16,2,15,0.984996975169571,0,0,1,replayed_pf_result
40,16,2,16,0.998569534721875,0,0,1,replayed_pf_result
40,16,2,17,0.997015551325614,0,0,1,replayed_pf_result
40,16,2,18,0.99240783930362,0,0,1,replayed_pf_result
40,16,2,19,1.03645018098392,0,0,1,replayed_pf_result
40,16,2,20,0.977938604529298,0,0,1,replayed_pf_result
40,16,2,21,0.991083435812296,0,0,1,replayed_pf_result
40,16,2,22,1.00240117752955,0,0,1,replayed_pf_result
40,16,2,23,0.995119710197167,0,0,1,replayed_pf_result
40,16,2,24,1.00177030128917,0,0,1,replayed_pf_result
40,16,2,25,1.01806265557562,0,0,1,replayed_pf_result
40,16,2,26,1.0131307505249,0,0,1,replayed_pf_result
40,16,2,27,0.999824834652281,0,0,1,replayed_pf_result
40,16,2,28,1.01833051799486,0,0,1,replayed_pf_result
40,16,2,29,1.02010180654207,0,0,1,replayed_pf_result
40,16,2,30,1,0,0,1,replayed_pf_result
40,16,2,31,1,0,0,1,replayed_pf_result
40,16,2,32,1,0,0,1,replayed_pf_result
40,16,2,33,1,0,0,1,replayed_pf_result
40,16,2,34,1,0,0,1,replayed_pf_result
40,16,2,35,1,0,0,1,replayed_pf_result
40,16,2,36,1,0,0,1,replayed_pf_result
40,16,2,37,1,0,0,1,replayed_pf_result
40,16,2,38,1,0,0,1,replayed_pf_result
40,16,2,39,1,0,0,1,replayed_pf_result
40,16,3,1,0.99698657118726,0,0,1,replayed_pf_result
40,16,3,2,1.0484941,0,0,1,replayed_pf_result
40,16,3,3,0.951902352282219,0,0,1,replayed_pf_result
40,16,3,4,0.934822292344448,0,0,1,replayed_pf_result
40,16,3,5,0.937832541390276,0,0,1,replayed_pf_result
40,16,3,6,0.94237349407454,0,0,1,replayed_pf_result
40,16,3,7,0.928402446258755,0,0,1,replayed_pf_result
40,16,3,8,0.92690964396426,0,0,1,replayed_pf_result
40,16,3,9,0.980944052723196,0,0,1,replayed_pf_result
40,16,3,10,0.972658799402689,0,0,1,replayed_pf_result
40,16,3,11,0.96125951967114,0,0,1,replayed_pf_result
40,16,3,12,0.948384360588973,0,0,1,replayed_pf_result
40,16,3,13,0.965043789426354,0,0,1,replayed_pf_result
40,16,3,14,0.953465569587002,0,0,1,replayed_pf_result
40,16,3,15,0.961418701568349,0,0,1,replayed_pf_result
40,16,3,16,0.980901797474317,0,0,1,replayed_pf_result
40,16,3,17,0.974816414199104,0,0,1,replayed_pf_result
40,16,3,18,0.964569584886928,0,0,1,replayed_pf_result
40,16,3,19,1.02995331404786,0,0,1,replayed_pf_result
40,16,3,20,0.974391250178914,0,0,1,replayed_pf_result
40,16,3,21,0.978618906346221,0,0,1,replayed_pf_result
40,16,3,22,0.995717750935062,0,0,1,replayed_pf_result
40,16,3,23,0.988197627847358,0,0,1,replayed_pf_result
40,16,3,24,0.985663553619083,0,0,1,replayed_pf_result
40,16,3,25,1.0576827,0,0,1,replayed_pf_result
40,16,3,26,0.999102423641651,0,0,1,replayed_pf_result
40,16,3,27,0.98183494966685,0,0,1,replayed_pf_result
40,16,3,28,1.01109196415985,0,0,1,replayed_pf_result
40,16,3,29,1.01514093222378,0,0,1,replayed_pf_result
40,16,3,30,1.0499,0,0,1,replayed_pf_result
40,16,3,31,1,0,0,1,replayed_pf_result
40,16,3,32,1,0,0,1,replayed_pf_result
40,16,3,33,1,0,0,1,replayed_pf_result
40,16,3,34,1,0,0,1,replayed_pf_result
40,16,3,35,1,0,0,1,replayed_pf_result
40,16,3,36,1,0,0,1,replayed_pf_result
40,16,3,37,1.0275,0,0,1,replayed_pf_result
40,16,3,38,1,0,0,1,replayed_pf_result
40,16,3,39,1,0,0,1,replayed_pf_result
40,16,4,1,0.997632100963448,0,0,1,replayed_after_load_shedding
40,16,4,2,1.0484941,0,0,1,replayed_after_load_shedding
40,16,4,3,0.793386575453204,0.106613424546796,6.54747682831889,1,replayed_after_load_shedding
40,16,4,4,0.757606523894506,0.142393476105494,8.90600404474044,1,replayed_after_load_shedding
40,16,4,5,0.793639872146237,0.106360127853763,6.53107917338689,1,replayed_after_load_shedding
40,16,4,6,0.809722376966861,0.0902776230331389,5.49840499353707,1,replayed_after_load_shedding
40,16,4,7,0.796546269503938,0.103453730496062,6.34322482774852,1,replayed_after_load_shedding
40,16,4,8,0.797058811889452,0.102941188110548,6.3101533591869,1,replayed_after_load_shedding
40,16,4,9,0.927853612037142,0,0,1,replayed_after_load_shedding
40,16,4,10,0.89389279105239,0.00610720894760997,0.356512876362739,1,replayed_after_load_shedding
40,16,4,11,0.863725606159085,0.0362743938409147,2.14984159688067,1,replayed_after_load_shedding
40,16,4,12,0.860835971912465,0.0391640280875347,2.32447602837501,1,replayed_after_load_shedding
40,16,4,13,0.890502137130466,0.0094978628695338,0.555386814325489,1,replayed_after_load_shedding
40,16,4,14,0.778233652715465,0.121766347284535,7.53602583454092,1,replayed_after_load_shedding
40,16,4,15,0.817988756378519,0.0820112436214812,4.97403935354821,1,replayed_after_load_shedding
40,16,4,16,0.855620886668723,0.0443791133312771,2.64092862905757,1,replayed_after_load_shedding
40,16,4,17,0.848441276620205,0.0515587233797955,3.0792978249438,1,replayed_after_load_shedding
40,16,4,18,0.82532891131485,0.0746710886851497,4.51204683684679,1,replayed_after_load_shedding
40,16,4,19,1.0501068,0,0,1,replayed_after_load_shedding
40,16,4,20,0.99101054,0,0,1,replayed_after_load_shedding
40,16,4,21,0.890527475681381,0.00947252431861856,0.553898115847383,1,replayed_after_load_shedding
40,16,4,22,0.948464418012156,0,0,1,replayed_after_load_shedding
40,16,4,23,0.93934436805807,0,0,1,replayed_after_load_shedding
40,16,4,24,0.871206751026979,0.0287932489730212,1.70005766222832,1,replayed_after_load_shedding
40,16,4,25,1.0576827,0,0,1,replayed_after_load_shedding
40,16,4,26,0.919948130926285,0,0,1,replayed_after_load_shedding
40,16,4,27,0.880197792938461,0.0198022070615388,1.16392846793311,1,replayed_after_load_shedding
40,16,4,28,0.970656395372759,0,0,1,replayed_after_load_shedding
40,16,4,29,0.987445133577234,0,0,1,replayed_after_load_shedding
40,16,4,30,1.0499,0,0,1,replayed_after_load_shedding
40,16,4,31,1,0,0,1,replayed_after_load_shedding
40,16,4,32,1,0,0,1,replayed_after_load_shedding
40,16,4,33,0.9972,0,0,1,replayed_after_load_shedding
40,16,4,34,1.0123,0,0,1,replayed_after_load_shedding
40,16,4,35,1,0,0,1,replayed_after_load_shedding
40,16,4,36,1,0,0,1,replayed_after_load_shedding
40,16,4,37,1.0275,0,0,1,replayed_after_load_shedding
40,16,4,38,1,0,0,1,replayed_after_load_shedding
40,16,4,39,0.999999999999999,0,0,1,replayed_after_load_shedding
40,16,5,1,1.0393836,0,0,1,replayed_after_load_shedding
40,16,5,2,1.0484941,0,0,1,replayed_after_load_shedding
40,16,5,3,0.843011972378718,0.0569880276212822,3.41289390784454,1,replayed_after_load_shedding
40,16,5,4,0.740769107082651,0.159230892917349,10.0454220956359,1,replayed_after_load_shedding
40,16,5,5,1.0060063,0,0,1,replayed_after_load_shedding
40,16,5,6,1.0082256,0,0,1,replayed_after_load_shedding
40,16,5,7,0.99839728,0,0,1,replayed_after_load_shedding
40,16,5,8,0.99787232,0,0,1,replayed_after_load_shedding
40,16,5,9,1.038332,0,0,1,replayed_after_load_shedding
40,16,5,10,1.0178431,0,0,1,replayed_after_load_shedding
40,16,5,11,1.0133858,0,0,1,replayed_after_load_shedding
40,16,5,12,1.000815,0,0,1,replayed_after_load_shedding
40,16,5,13,1.014923,0,0,1,replayed_after_load_shedding
40,16,5,14,0.767100420616944,0.132899579383056,8.27194330327221,1,replayed_after_load_shedding
40,16,5,15,0.817706703919958,0.0822932960800417,4.991859602681,1,replayed_after_load_shedding
40,16,5,16,0.856320523957972,0.0436794760420279,2.59837856289255,1,replayed_after_load_shedding
40,16,5,17,0.849736664438972,0.0502633355610285,2.99997177645363,1,replayed_after_load_shedding
40,16,5,18,0.845537551507385,0.0544624484926149,3.2574878795148,1,replayed_after_load_shedding
40,16,5,19,1.0501068,0,0,1,replayed_after_load_shedding
40,16,5,20,0.99101054,0,0,1,replayed_after_load_shedding
40,16,5,21,0.894065114661763,0.00593488533823727,0.346423477453025,1,replayed_after_load_shedding
40,16,5,22,0.950490243768872,0,0,1,replayed_after_load_shedding
40,16,5,23,0.94191818364153,0,0,1,replayed_after_load_shedding
40,16,5,24,0.870482566907276,0.029517433092724,1.74345035615857,1,replayed_after_load_shedding
40,16,5,25,1.0576827,0,0,1,replayed_after_load_shedding
40,16,5,26,0.870162135691831,0.0298378643081694,1.76266044002045,1,replayed_after_load_shedding
40,16,5,27,0.84827046459969,0.0517295354003099,3.0897655617285,1,replayed_after_load_shedding
40,16,5,28,0.926818105150563,0,0,1,replayed_after_load_shedding
40,16,5,29,0.953314482910408,0,0,1,replayed_after_load_shedding
40,16,5,30,1.0499,0,0,1,replayed_after_load_shedding
40,16,5,31,0.982,0,0,1,replayed_after_load_shedding
40,16,5,32,0.9841,0,0,1,replayed_after_load_shedding
40,16,5,33,0.9972,0,0,1,replayed_after_load_shedding
40,16,5,34,1.0123,0,0,1,replayed_after_load_shedding
40,16,5,35,0.999999999999999,0,0,1,replayed_after_load_shedding
40,16,5,36,1,0,0,1,replayed_after_load_shedding
40,16,5,37,1.0275,0,0,1,replayed_after_load_shedding
40,16,5,38,1,0,0,1,replayed_after_load_shedding
40,16,5,39,1.03,0,0,1,replayed_after_load_shedding
40,17,1,1,1.0012832634345,0,0,1,replayed_pf_result
40,17,1,2,1.00728035407401,0,0,1,replayed_pf_result
40,17,1,3,0.997953909934014,0,0,1,replayed_pf_result
40,17,1,4,0.985510023972363,0,0,1,replayed_pf_result
40,17,1,5,0.993398180769742,0,0,1,replayed_pf_result
40,17,1,6,0.997518597761855,0,0,1,replayed_pf_result
40,17,1,7,0.985093955634017,0,0,1,replayed_pf_result
40,17,1,8,0.983445107453843,0,0,1,replayed_pf_result
40,17,1,9,1.01345695845792,0,0,1,replayed_pf_result
40,17,1,10,1.01154130230139,0,0,1,replayed_pf_result
40,17,1,11,1.00559389878847,0,0,1,replayed_pf_result
40,17,1,12,0.992042454947575,0,0,1,replayed_pf_result
40,17,1,13,1.0056216637078,0,0,1,replayed_pf_result
40,17,1,14,0.996036185701996,0,0,1,replayed_pf_result
40,17,1,15,0.989859905290388,0,0,1,replayed_pf_result
40,17,1,16,1.00228467832964,0,0,1,replayed_pf_result
40,17,1,17,1.00200839211169,0,0,1,replayed_pf_result
40,17,1,18,0.99909974530267,0,0,1,replayed_pf_result
40,17,1,19,1.03781622402678,0,0,1,replayed_pf_result
40,17,1,20,0.978684419910266,0,0,1,replayed_pf_result
40,17,1,21,0.993703425257765,0,0,1,replayed_pf_result
40,17,1,22,1.00380583114651,0,0,1,replayed_pf_result
40,17,1,23,0.996574533497004,0,0,1,replayed_pf_result
40,17,1,24,1.00515713714851,0,0,1,replayed_pf_result
40,17,1,25,1.02251527578008,0,0,1,replayed_pf_result
40,17,1,26,1.0162840140948,0,0,1,replayed_pf_result
40,17,1,27,1.00386893018106,0,0,1,replayed_pf_result
40,17,1,28,1.01995737358777,0,0,1,replayed_pf_result
40,17,1,29,1.02121675250892,0,0,1,replayed_pf_result
40,17,1,30,1,0,0,1,replayed_pf_result
40,17,1,31,1,0,0,1,replayed_pf_result
40,17,1,32,1,0,0,1,replayed_pf_result
40,17,1,33,1,0,0,1,replayed_pf_result
40,17,1,34,1,0,0,1,replayed_pf_result
40,17,1,35,1,0,0,1,replayed_pf_result
40,17,1,36,1,0,0,1,replayed_pf_result
40,17,1,37,1,0,0,1,replayed_pf_result
40,17,1,38,1,0,0,1,replayed_pf_result
40,17,1,39,1,0,0,1,replayed_pf_result
40,18,1,1,1.0012832634345,0,0,1,replayed_pf_result
40,18,1,2,1.00728035407401,0,0,1,replayed_pf_result
40,18,1,3,0.997953909934014,0,0,1,replayed_pf_result
40,18,1,4,0.985510023972363,0,0,1,replayed_pf_result
40,18,1,5,0.993398180769742,0,0,1,replayed_pf_result
40,18,1,6,0.997518597761855,0,0,1,replayed_pf_result
40,18,1,7,0.985093955634017,0,0,1,replayed_pf_result
40,18,1,8,0.983445107453843,0,0,1,replayed_pf_result
40,18,1,9,1.01345695845792,0,0,1,replayed_pf_result
40,18,1,10,1.01154130230139,0,0,1,replayed_pf_result
40,18,1,11,1.00559389878847,0,0,1,replayed_pf_result
40,18,1,12,0.992042454947575,0,0,1,replayed_pf_result
40,18,1,13,1.0056216637078,0,0,1,replayed_pf_result
40,18,1,14,0.996036185701996,0,0,1,replayed_pf_result
40,18,1,15,0.989859905290388,0,0,1,replayed_pf_result
40,18,1,16,1.00228467832964,0,0,1,replayed_pf_result
40,18,1,17,1.00200839211169,0,0,1,replayed_pf_result
40,18,1,18,0.99909974530267,0,0,1,replayed_pf_result
40,18,1,19,1.03781622402678,0,0,1,replayed_pf_result
40,18,1,20,0.978684419910266,0,0,1,replayed_pf_result
40,18,1,21,0.993703425257765,0,0,1,replayed_pf_result
40,18,1,22,1.00380583114651,0,0,1,replayed_pf_result
40,18,1,23,0.996574533497004,0,0,1,replayed_pf_result
40,18,1,24,1.00515713714851,0,0,1,replayed_pf_result
40,18,1,25,1.02251527578008,0,0,1,replayed_pf_result
40,18,1,26,1.0162840140948,0,0,1,replayed_pf_result
40,18,1,27,1.00386893018106,0,0,1,replayed_pf_result
40,18,1,28,1.01995737358777,0,0,1,replayed_pf_result
40,18,1,29,1.02121675250892,0,0,1,replayed_pf_result
40,18,1,30,1,0,0,1,replayed_pf_result
40,18,1,31,1,0,0,1,replayed_pf_result
40,18,1,32,1,0,0,1,replayed_pf_result
40,18,1,33,1,0,0,1,replayed_pf_result
40,18,1,34,1,0,0,1,replayed_pf_result
40,18,1,35,1,0,0,1,replayed_pf_result
40,18,1,36,1,0,0,1,replayed_pf_result
40,18,1,37,1,0,0,1,replayed_pf_result
40,18,1,38,1,0,0,1,replayed_pf_result
40,18,1,39,1,0,0,1,replayed_pf_result
40,19,1,1,1.0012832634345,0,0,1,replayed_pf_result
40,19,1,2,1.00728035407401,0,0,1,replayed_pf_result
40,19,1,3,0.997953909934014,0,0,1,replayed_pf_result
40,19,1,4,0.985510023972363,0,0,1,replayed_pf_result
40,19,1,5,0.993398180769742,0,0,1,replayed_pf_result
40,19,1,6,0.997518597761855,0,0,1,replayed_pf_result
40,19,1,7,0.985093955634017,0,0,1,replayed_pf_result
40,19,1,8,0.983445107453843,0,0,1,replayed_pf_result
40,19,1,9,1.01345695845792,0,0,1,replayed_pf_result
40,19,1,10,1.01154130230139,0,0,1,replayed_pf_result
40,19,1,11,1.00559389878847,0,0,1,replayed_pf_result
40,19,1,12,0.992042454947575,0,0,1,replayed_pf_result
40,19,1,13,1.0056216637078,0,0,1,replayed_pf_result
40,19,1,14,0.996036185701996,0,0,1,replayed_pf_result
40,19,1,15,0.989859905290388,0,0,1,replayed_pf_result
40,19,1,16,1.00228467832964,0,0,1,replayed_pf_result
40,19,1,17,1.00200839211169,0,0,1,replayed_pf_result
40,19,1,18,0.99909974530267,0,0,1,replayed_pf_result
40,19,1,19,1.03781622402678,0,0,1,replayed_pf_result
40,19,1,20,0.978684419910266,0,0,1,replayed_pf_result
40,19,1,21,0.993703425257765,0,0,1,replayed_pf_result
40,19,1,22,1.00380583114651,0,0,1,replayed_pf_result
40,19,1,23,0.996574533497004,0,0,1,replayed_pf_result
40,19,1,24,1.00515713714851,0,0,1,replayed_pf_result
40,19,1,25,1.02251527578008,0,0,1,replayed_pf_result
40,19,1,26,1.0162840140948,0,0,1,replayed_pf_result
40,19,1,27,1.00386893018106,0,0,1,replayed_pf_result
40,19,1,28,1.01995737358777,0,0,1,replayed_pf_result
40,19,1,29,1.02121675250892,0,0,1,replayed_pf_result
40,19,1,30,1,0,0,1,replayed_pf_result
40,19,1,31,1,0,0,1,replayed_pf_result
40,19,1,32,1,0,0,1,replayed_pf_result
40,19,1,33,1,0,0,1,replayed_pf_result
40,19,1,34,1,0,0,1,replayed_pf_result
40,19,1,35,1,0,0,1,replayed_pf_result
40,19,1,36,1,0,0,1,replayed_pf_result
40,19,1,37,1,0,0,1,replayed_pf_result
40,19,1,38,1,0,0,1,replayed_pf_result
40,19,1,39,1,0,0,1,replayed_pf_result
40,20,1,1,1.0012832634345,0,0,1,replayed_pf_result
40,20,1,2,1.00728035407401,0,0,1,replayed_pf_result
40,20,1,3,0.997953909934014,0,0,1,replayed_pf_result
40,20,1,4,0.985510023972363,0,0,1,replayed_pf_result
40,20,1,5,0.993398180769742,0,0,1,replayed_pf_result
40,20,1,6,0.997518597761855,0,0,1,replayed_pf_result
40,20,1,7,0.985093955634017,0,0,1,replayed_pf_result
40,20,1,8,0.983445107453843,0,0,1,replayed_pf_result
40,20,1,9,1.01345695845792,0,0,1,replayed_pf_result
40,20,1,10,1.01154130230139,0,0,1,replayed_pf_result
40,20,1,11,1.00559389878847,0,0,1,replayed_pf_result
40,20,1,12,0.992042454947575,0,0,1,replayed_pf_result
40,20,1,13,1.0056216637078,0,0,1,replayed_pf_result
40,20,1,14,0.996036185701996,0,0,1,replayed_pf_result
40,20,1,15,0.989859905290388,0,0,1,replayed_pf_result
40,20,1,16,1.00228467832964,0,0,1,replayed_pf_result
40,20,1,17,1.00200839211169,0,0,1,replayed_pf_result
40,20,1,18,0.99909974530267,0,0,1,replayed_pf_result
40,20,1,19,1.03781622402678,0,0,1,replayed_pf_result
40,20,1,20,0.978684419910266,0,0,1,replayed_pf_result
40,20,1,21,0.993703425257765,0,0,1,replayed_pf_result
40,20,1,22,1.00380583114651,0,0,1,replayed_pf_result
40,20,1,23,0.996574533497004,0,0,1,replayed_pf_result
40,20,1,24,1.00515713714851,0,0,1,replayed_pf_result
40,20,1,25,1.02251527578008,0,0,1,replayed_pf_result
40,20,1,26,1.0162840140948,0,0,1,replayed_pf_result
40,20,1,27,1.00386893018106,0,0,1,replayed_pf_result
40,20,1,28,1.01995737358777,0,0,1,replayed_pf_result
40,20,1,29,1.02121675250892,0,0,1,replayed_pf_result
40,20,1,30,1,0,0,1,replayed_pf_result
40,20,1,31,1,0,0,1,replayed_pf_result
40,20,1,32,1,0,0,1,replayed_pf_result
40,20,1,33,1,0,0,1,replayed_pf_result
40,20,1,34,1,0,0,1,replayed_pf_result
40,20,1,35,1,0,0,1,replayed_pf_result
40,20,1,36,1,0,0,1,replayed_pf_result
40,20,1,37,1,0,0,1,replayed_pf_result
40,20,1,38,1,0,0,1,replayed_pf_result
40,20,1,39,1,0,0,1,replayed_pf_result
41,1,1,1,1.00652177052089,0,0,1,replayed_pf_result
41,1,1,2,1.01223573907119,0,0,1,replayed_pf_result
41,1,1,3,0.993661185107539,0,0,1,replayed_pf_result
41,1,1,4,0.966874193093768,0,0,1,replayed_pf_result
41,1,1,5,0.968651360628816,0,0,1,replayed_pf_result
41,1,1,6,0.972331848986142,0,0,1,replayed_pf_result
41,1,1,7,0.959936102550956,0,0,1,replayed_pf_result
41,1,1,8,0.958686365208186,0,0,1,replayed_pf_result
41,1,1,9,1.00048394240388,0,0,1,replayed_pf_result
41,1,1,10,0.994541005398171,0,0,1,replayed_pf_result
41,1,1,11,0.985909294385032,0,0,1,replayed_pf_result
41,1,1,12,0.972963652874665,0,0,1,replayed_pf_result
41,1,1,13,0.988210526779177,0,0,1,replayed_pf_result
41,1,1,14,0.979062079804547,0,0,1,replayed_pf_result
41,1,1,15,0.980245845087061,0,0,1,replayed_pf_result
41,1,1,16,0.996302440927052,0,0,1,replayed_pf_result
41,1,1,17,0.996221217349173,0,0,1,replayed_pf_result
41,1,1,18,0.993841503897707,0,0,1,replayed_pf_result
41,1,1,19,1.03561656169837,0,0,1,replayed_pf_result
41,1,1,20,0.977483465500916,0,0,1,replayed_pf_result
41,1,1,21,0.989484464708937,0,0,1,replayed_pf_result
41,1,1,22,1.00154389271142,0,0,1,replayed_pf_result
41,1,1,23,0.994231807849476,0,0,1,replayed_pf_result
41,1,1,24,0.99970354007194,0,0,1,replayed_pf_result
41,1,1,25,0.998621778897466,0,0,1,replayed_pf_result
41,1,1,26,1.01059150119456,0,0,1,replayed_pf_result
41,1,1,27,0.998065205018312,0,0,1,replayed_pf_result
41,1,1,28,1.01702039246714,0,0,1,replayed_pf_result
41,1,1,29,1.01920392662302,0,0,1,replayed_pf_result
41,1,1,30,1,0,0,1,replayed_pf_result
41,1,1,31,1,0,0,1,replayed_pf_result
41,1,1,32,1,0,0,1,replayed_pf_result
41,1,1,33,1,0,0,1,replayed_pf_result
41,1,1,34,1,0,0,1,replayed_pf_result
41,1,1,35,1,0,0,1,replayed_pf_result
41,1,1,36,1,0,0,1,replayed_pf_result
41,1,1,37,1.0275,0,0,1,replayed_pf_result
41,1,1,38,1,0,0,1,replayed_pf_result
41,1,1,39,1,0,0,1,replayed_pf_result
41,2,1,1,1.00652177052089,0,0,1,replayed_pf_result
41,2,1,2,1.01223573907119,0,0,1,replayed_pf_result
41,2,1,3,0.993661185107539,0,0,1,replayed_pf_result
41,2,1,4,0.966874193093768,0,0,1,replayed_pf_result
41,2,1,5,0.968651360628816,0,0,1,replayed_pf_result
41,2,1,6,0.972331848986142,0,0,1,replayed_pf_result
41,2,1,7,0.959936102550956,0,0,1,replayed_pf_result
41,2,1,8,0.958686365208186,0,0,1,replayed_pf_result
41,2,1,9,1.00048394240388,0,0,1,replayed_pf_result
41,2,1,10,0.994541005398171,0,0,1,replayed_pf_result
41,2,1,11,0.985909294385032,0,0,1,replayed_pf_result
41,2,1,12,0.972963652874665,0,0,1,replayed_pf_result
41,2,1,13,0.988210526779177,0,0,1,replayed_pf_result
41,2,1,14,0.979062079804547,0,0,1,replayed_pf_result
41,2,1,15,0.980245845087061,0,0,1,replayed_pf_result
41,2,1,16,0.996302440927052,0,0,1,replayed_pf_result
41,2,1,17,0.996221217349173,0,0,1,replayed_pf_result
41,2,1,18,0.993841503897707,0,0,1,replayed_pf_result
41,2,1,19,1.03561656169837,0,0,1,replayed_pf_result
41,2,1,20,0.977483465500916,0,0,1,replayed_pf_result
41,2,1,21,0.989484464708937,0,0,1,replayed_pf_result
41,2,1,22,1.00154389271142,0,0,1,replayed_pf_result
41,2,1,23,0.994231807849476,0,0,1,replayed_pf_result
41,2,1,24,0.99970354007194,0,0,1,replayed_pf_result
41,2,1,25,0.998621778897466,0,0,1,replayed_pf_result
41,2,1,26,1.01059150119456,0,0,1,replayed_pf_result
41,2,1,27,0.998065205018312,0,0,1,replayed_pf_result
41,2,1,28,1.01702039246714,0,0,1,replayed_pf_result
41,2,1,29,1.01920392662302,0,0,1,replayed_pf_result
41,2,1,30,1,0,0,1,replayed_pf_result
41,2,1,31,1,0,0,1,replayed_pf_result
41,2,1,32,1,0,0,1,replayed_pf_result
41,2,1,33,1,0,0,1,replayed_pf_result
41,2,1,34,1,0,0,1,replayed_pf_result
41,2,1,35,1,0,0,1,replayed_pf_result
41,2,1,36,1,0,0,1,replayed_pf_result
41,2,1,37,1.0275,0,0,1,replayed_pf_result
41,2,1,38,1,0,0,1,replayed_pf_result
41,2,1,39,1,0,0,1,replayed_pf_result
41,3,1,1,1.00652177052089,0,0,1,replayed_pf_result
41,3,1,2,1.01223573907119,0,0,1,replayed_pf_result
41,3,1,3,0.993661185107539,0,0,1,replayed_pf_result
41,3,1,4,0.966874193093768,0,0,1,replayed_pf_result
41,3,1,5,0.968651360628816,0,0,1,replayed_pf_result
41,3,1,6,0.972331848986142,0,0,1,replayed_pf_result
41,3,1,7,0.959936102550956,0,0,1,replayed_pf_result
41,3,1,8,0.958686365208186,0,0,1,replayed_pf_result
41,3,1,9,1.00048394240388,0,0,1,replayed_pf_result
41,3,1,10,0.994541005398171,0,0,1,replayed_pf_result
41,3,1,11,0.985909294385032,0,0,1,replayed_pf_result
41,3,1,12,0.972963652874665,0,0,1,replayed_pf_result
41,3,1,13,0.988210526779177,0,0,1,replayed_pf_result
41,3,1,14,0.979062079804547,0,0,1,replayed_pf_result
41,3,1,15,0.980245845087061,0,0,1,replayed_pf_result
41,3,1,16,0.996302440927052,0,0,1,replayed_pf_result
41,3,1,17,0.996221217349173,0,0,1,replayed_pf_result
41,3,1,18,0.993841503897707,0,0,1,replayed_pf_result
41,3,1,19,1.03561656169837,0,0,1,replayed_pf_result
41,3,1,20,0.977483465500916,0,0,1,replayed_pf_result
41,3,1,21,0.989484464708937,0,0,1,replayed_pf_result
41,3,1,22,1.00154389271142,0,0,1,replayed_pf_result
41,3,1,23,0.994231807849476,0,0,1,replayed_pf_result
41,3,1,24,0.99970354007194,0,0,1,replayed_pf_result
41,3,1,25,0.998621778897466,0,0,1,replayed_pf_result
41,3,1,26,1.01059150119456,0,0,1,replayed_pf_result
41,3,1,27,0.998065205018312,0,0,1,replayed_pf_result
41,3,1,28,1.01702039246714,0,0,1,replayed_pf_result
41,3,1,29,1.01920392662302,0,0,1,replayed_pf_result
41,3,1,30,1,0,0,1,replayed_pf_result
41,3,1,31,1,0,0,1,replayed_pf_result
41,3,1,32,1,0,0,1,replayed_pf_result
41,3,1,33,1,0,0,1,replayed_pf_result
41,3,1,34,1,0,0,1,replayed_pf_result
41,3,1,35,1,0,0,1,replayed_pf_result
41,3,1,36,1,0,0,1,replayed_pf_result
41,3,1,37,1.0275,0,0,1,replayed_pf_result
41,3,1,38,1,0,0,1,replayed_pf_result
41,3,1,39,1,0,0,1,replayed_pf_result
41,3,2,1,1.00041748998071,0,0,1,replayed_pf_result
41,3,2,2,0.994069474504445,0,0,1,replayed_pf_result
41,3,2,3,0.957969789784574,0,0,1,replayed_pf_result
41,3,2,4,0.914809242396375,0,0,1,replayed_pf_result
41,3,2,5,0.913078520776448,0,0,1,replayed_pf_result
41,3,2,6,0.916736303167749,0,0,1,replayed_pf_result
41,3,2,7,0.905518980744781,0,0,1,replayed_pf_result
41,3,2,8,0.905519303559869,0,0,1,replayed_pf_result
41,3,2,9,0.976459295700042,0,0,1,replayed_pf_result
41,3,2,10,0.951919941949084,0,0,1,replayed_pf_result
41,3,2,11,0.938770601989445,0,0,1,replayed_pf_result
41,3,2,12,0.92506514083876,0,0,1,replayed_pf_result
41,3,2,13,0.942396777593977,0,0,1,replayed_pf_result
41,3,2,14,0.928304294386775,0,0,1,replayed_pf_result
41,3,2,15,0.930127977633523,0,0,1,replayed_pf_result
41,3,2,16,0.94984318823933,0,0,1,replayed_pf_result
41,3,2,17,0.956091164262065,0,0,1,replayed_pf_result
41,3,2,18,0.955265569077601,0,0,1,replayed_pf_result
41,3,2,19,1.0501068,0,0,1,replayed_pf_result
41,3,2,20,0.99101054,0,0,1,replayed_pf_result
41,3,2,21,0.956686535894867,0,0,1,replayed_pf_result
41,3,2,22,0.983954265236264,0,0,1,replayed_pf_result
41,3,2,23,0.976014322664392,0,0,1,replayed_pf_result
41,3,2,24,0.957347665425285,0,0,1,replayed_pf_result
41,3,2,25,0.976103034199364,0,0,1,replayed_pf_result
41,3,2,26,0.986104708790916,0,0,1,replayed_pf_result
41,3,2,27,0.966040223051748,0,0,1,replayed_pf_result
41,3,2,28,1.00438378848842,0,0,1,replayed_pf_result
41,3,2,29,1.01054352142447,0,0,1,replayed_pf_result
41,3,2,30,1,0,0,1,replayed_pf_result
41,3,2,31,1,0,0,1,replayed_pf_result
41,3,2,32,1,0,0,1,replayed_pf_result
41,3,2,33,0.9972,0,0,1,replayed_pf_result
41,3,2,34,1.0123,0,0,1,replayed_pf_result
41,3,2,35,1,0,0,1,replayed_pf_result
41,3,2,36,1,0,0,1,replayed_pf_result
41,3,2,37,1.0275,0,0,1,replayed_pf_result
41,3,2,38,1,0,0,1,replayed_pf_result
41,3,2,39,1,0,0,1,replayed_pf_result
41,3,3,1,0.896671535342838,0.00332846465716197,0.194031624578561,1,replayed_after_load_shedding
41,3,3,2,0.918884955150082,0,0,1,replayed_after_load_shedding
41,3,3,3,0.887462890670871,0.0125371093291292,0.734223462992474,1,replayed_after_load_shedding
41,3,3,4,0.857646897987611,0.0423531020123892,2.51779371670073,1,replayed_after_load_shedding
41,3,3,5,0.982553178157798,0,0,1,replayed_after_load_shedding
41,3,3,6,0.984227912371732,0,0,1,replayed_after_load_shedding
41,3,3,7,0.975467896779404,0,0,1,replayed_after_load_shedding
41,3,3,8,0.975006961176856,0,0,1,replayed_after_load_shedding
41,3,3,9,1.01034115704198,0,0,1,replayed_after_load_shedding
41,3,3,10,1.01035682754638,0,0,1,replayed_after_load_shedding
41,3,3,11,0.998579620218978,0,0,1,replayed_after_load_shedding
41,3,3,12,0.968437388481924,0,0,1,replayed_after_load_shedding
41,3,3,13,0.962661419962151,0,0,1,replayed_after_load_shedding
41,3,3,14,0.870366755430106,0.0296332445698938,1.7503926279194,1,replayed_after_load_shedding
41,3,3,15,0.88716421339138,0.0128357866086203,0.751827709675817,1,replayed_after_load_shedding
41,3,3,16,0.910298981685913,0,0,1,replayed_after_load_shedding
41,3,3,17,0.90619021774983,0,0,1,replayed_after_load_shedding
41,3,3,18,0.897338625418293,0.00266137458170745,0.155092089010552,1,replayed_after_load_shedding
41,3,3,19,1.0501068,0,0,1,replayed_after_load_shedding
41,3,3,20,0.99101054,0,0,1,replayed_after_load_shedding
41,3,3,21,0.929816156935097,0,0,1,replayed_after_load_shedding
41,3,3,22,0.969592389618203,0,0,1,replayed_after_load_shedding
41,3,3,23,0.961311306703953,0,0,1,replayed_after_load_shedding
41,3,3,24,0.92087651857662,0,0,1,replayed_after_load_shedding
41,3,3,25,0.89340814808177,0.00659185191823008,0.384897627506572,1,replayed_after_load_shedding
41,3,3,26,0.932084623913661,0,0,1,replayed_after_load_shedding
41,3,3,27,0.913047566850194,0,0,1,replayed_after_load_shedding
41,3,3,28,0.977338178163711,0,0,1,replayed_after_load_shedding
41,3,3,29,0.99204151246714,0,0,1,replayed_after_load_shedding
41,3,3,30,1,0,0,1,replayed_after_load_shedding
41,3,3,31,0.982,0,0,1,replayed_after_load_shedding
41,3,3,32,1,0,0,1,replayed_after_load_shedding
41,3,3,33,0.9972,0,0,1,replayed_after_load_shedding
41,3,3,34,1.0123,0,0,1,replayed_after_load_shedding
41,3,3,35,1,0,0,1,replayed_after_load_shedding
41,3,3,36,1,0,0,1,replayed_after_load_shedding
41,3,3,37,1.0275,0,0,1,replayed_after_load_shedding
41,3,3,38,1,0,0,1,replayed_after_load_shedding
41,3,3,39,0.999999999999999,0,0,1,replayed_after_load_shedding
41,3,4,1,1.0393836,0,0,1,replayed_after_load_shedding
41,3,4,2,0.98732159435079,0,0,1,replayed_after_load_shedding
41,3,4,3,0.829390731698875,0.0706092683011252,4.25784783276979,1,replayed_after_load_shedding
41,3,4,4,0.812487182420027,0.0875128175799732,5.3225409630932,1,replayed_after_load_shedding
41,3,4,5,1.0060063,0,0,1,replayed_after_load_shedding
41,3,4,6,1.0082256,0,0,1,replayed_after_load_shedding
41,3,4,7,0.99839728,0,0,1,replayed_after_load_shedding
41,3,4,8,0.99787232,0,0,1,replayed_after_load_shedding
41,3,4,9,1.038332,0,0,1,replayed_after_load_shedding
41,3,4,10,1.0178431,0,0,1,replayed_after_load_shedding
41,3,4,11,1.0133858,0,0,1,replayed_after_load_shedding
41,3,4,12,1.000815,0,0,1,replayed_after_load_shedding
41,3,4,13,1.014923,0,0,1,replayed_after_load_shedding
41,3,4,14,0.826107405290583,0.073892594709417,4.46324669730657,1,replayed_after_load_shedding
41,3,4,15,0.8484682997516,0.0515317002484001,3.07764195174574,1,replayed_after_load_shedding
41,3,4,16,0.87297512035963,0.0270248796403699,1.59422995513415,1,replayed_after_load_shedding
41,3,4,17,0.857814604190524,0.0421853958094756,2.50761221048218,1,replayed_after_load_shedding
41,3,4,18,0.84413605400707,0.0558639459929304,3.34367751379789,1,replayed_after_load_shedding
41,3,4,19,1.0501068,0,0,1,replayed_after_load_shedding
41,3,4,20,0.99101054,0,0,1,replayed_after_load_shedding
41,3,4,21,0.905302234801661,0,0,1,replayed_after_load_shedding
41,3,4,22,0.956510570703485,0,0,1,replayed_after_load_shedding
41,3,4,23,0.948063935937402,0,0,1,replayed_after_load_shedding
41,3,4,24,0.885980702521092,0.0140192974789083,0.82163638333988,1,replayed_after_load_shedding
41,3,4,25,0.918367034413638,0,0,1,replayed_after_load_shedding
41,3,4,26,0.899143741168705,0.000856258831295142,0.0498536102375397,1,replayed_after_load_shedding
41,3,4,27,0.863965133144324,0.0360348668556756,2.13538847022268,1,replayed_after_load_shedding
41,3,4,28,0.961590490869995,0,0,1,replayed_after_load_shedding
41,3,4,29,0.98129898839257,0,0,1,replayed_after_load_shedding
41,3,4,30,1,0,0,1,replayed_after_load_shedding
41,3,4,31,0.982,0,0,1,replayed_after_load_shedding
41,3,4,32,0.9841,0,0,1,replayed_after_load_shedding
41,3,4,33,0.9972,0,0,1,replayed_after_load_shedding
41,3,4,34,1.0123,0,0,1,replayed_after_load_shedding
41,3,4,35,1,0,0,1,replayed_after_load_shedding
41,3,4,36,1,0,0,1,replayed_after_load_shedding
41,3,4,37,1.0275,0,0,1,replayed_after_load_shedding
41,3,4,38,1,0,0,1,replayed_after_load_shedding
41,3,4,39,1.03,0,0,1,replayed_after_load_shedding
41,4,1,1,1.00652177052089,0,0,1,replayed_pf_result
41,4,1,2,1.01223573907119,0,0,1,replayed_pf_result
41,4,1,3,0.993661185107539,0,0,1,replayed_pf_result
41,4,1,4,0.966874193093768,0,0,1,replayed_pf_result
41,4,1,5,0.968651360628816,0,0,1,replayed_pf_result
41,4,1,6,0.972331848986142,0,0,1,replayed_pf_result
41,4,1,7,0.959936102550956,0,0,1,replayed_pf_result
41,4,1,8,0.958686365208186,0,0,1,replayed_pf_result
41,4,1,9,1.00048394240388,0,0,1,replayed_pf_result
41,4,1,10,0.994541005398171,0,0,1,replayed_pf_result
41,4,1,11,0.985909294385032,0,0,1,replayed_pf_result
41,4,1,12,0.972963652874665,0,0,1,replayed_pf_result
41,4,1,13,0.988210526779177,0,0,1,replayed_pf_result
41,4,1,14,0.979062079804547,0,0,1,replayed_pf_result
41,4,1,15,0.980245845087061,0,0,1,replayed_pf_result
41,4,1,16,0.996302440927052,0,0,1,replayed_pf_result
41,4,1,17,0.996221217349173,0,0,1,replayed_pf_result
41,4,1,18,0.993841503897707,0,0,1,replayed_pf_result
41,4,1,19,1.03561656169837,0,0,1,replayed_pf_result
41,4,1,20,0.977483465500916,0,0,1,replayed_pf_result
41,4,1,21,0.989484464708937,0,0,1,replayed_pf_result
41,4,1,22,1.00154389271142,0,0,1,replayed_pf_result
41,4,1,23,0.994231807849476,0,0,1,replayed_pf_result
41,4,1,24,0.99970354007194,0,0,1,replayed_pf_result
41,4,1,25,0.998621778897466,0,0,1,replayed_pf_result
41,4,1,26,1.01059150119456,0,0,1,replayed_pf_result
41,4,1,27,0.998065205018312,0,0,1,replayed_pf_result
41,4,1,28,1.01702039246714,0,0,1,replayed_pf_result
41,4,1,29,1.01920392662302,0,0,1,replayed_pf_result
41,4,1,30,1,0,0,1,replayed_pf_result
41,4,1,31,1,0,0,1,replayed_pf_result
41,4,1,32,1,0,0,1,replayed_pf_result
41,4,1,33,1,0,0,1,replayed_pf_result
41,4,1,34,1,0,0,1,replayed_pf_result
41,4,1,35,1,0,0,1,replayed_pf_result
41,4,1,36,1,0,0,1,replayed_pf_result
41,4,1,37,1.0275,0,0,1,replayed_pf_result
41,4,1,38,1,0,0,1,replayed_pf_result
41,4,1,39,1,0,0,1,replayed_pf_result
41,5,1,1,1.00652177052089,0,0,1,replayed_pf_result
41,5,1,2,1.01223573907119,0,0,1,replayed_pf_result
41,5,1,3,0.993661185107539,0,0,1,replayed_pf_result
41,5,1,4,0.966874193093768,0,0,1,replayed_pf_result
41,5,1,5,0.968651360628816,0,0,1,replayed_pf_result
41,5,1,6,0.972331848986142,0,0,1,replayed_pf_result
41,5,1,7,0.959936102550956,0,0,1,replayed_pf_result
41,5,1,8,0.958686365208186,0,0,1,replayed_pf_result
41,5,1,9,1.00048394240388,0,0,1,replayed_pf_result
41,5,1,10,0.994541005398171,0,0,1,replayed_pf_result
41,5,1,11,0.985909294385032,0,0,1,replayed_pf_result
41,5,1,12,0.972963652874665,0,0,1,replayed_pf_result
41,5,1,13,0.988210526779177,0,0,1,replayed_pf_result
41,5,1,14,0.979062079804547,0,0,1,replayed_pf_result
41,5,1,15,0.980245845087061,0,0,1,replayed_pf_result
41,5,1,16,0.996302440927052,0,0,1,replayed_pf_result
41,5,1,17,0.996221217349173,0,0,1,replayed_pf_result
41,5,1,18,0.993841503897707,0,0,1,replayed_pf_result
41,5,1,19,1.03561656169837,0,0,1,replayed_pf_result
41,5,1,20,0.977483465500916,0,0,1,replayed_pf_result
41,5,1,21,0.989484464708937,0,0,1,replayed_pf_result
41,5,1,22,1.00154389271142,0,0,1,replayed_pf_result
41,5,1,23,0.994231807849476,0,0,1,replayed_pf_result
41,5,1,24,0.99970354007194,0,0,1,replayed_pf_result
41,5,1,25,0.998621778897466,0,0,1,replayed_pf_result
41,5,1,26,1.01059150119456,0,0,1,replayed_pf_result
41,5,1,27,0.998065205018312,0,0,1,replayed_pf_result
41,5,1,28,1.01702039246714,0,0,1,replayed_pf_result
41,5,1,29,1.01920392662302,0,0,1,replayed_pf_result
41,5,1,30,1,0,0,1,replayed_pf_result
41,5,1,31,1,0,0,1,replayed_pf_result
41,5,1,32,1,0,0,1,replayed_pf_result
41,5,1,33,1,0,0,1,replayed_pf_result
41,5,1,34,1,0,0,1,replayed_pf_result
41,5,1,35,1,0,0,1,replayed_pf_result
41,5,1,36,1,0,0,1,replayed_pf_result
41,5,1,37,1.0275,0,0,1,replayed_pf_result
41,5,1,38,1,0,0,1,replayed_pf_result
41,5,1,39,1,0,0,1,replayed_pf_result
41,6,1,1,1.00652177052089,0,0,1,replayed_pf_result
41,6,1,2,1.01223573907119,0,0,1,replayed_pf_result
41,6,1,3,0.993661185107539,0,0,1,replayed_pf_result
41,6,1,4,0.966874193093768,0,0,1,replayed_pf_result
41,6,1,5,0.968651360628816,0,0,1,replayed_pf_result
41,6,1,6,0.972331848986142,0,0,1,replayed_pf_result
41,6,1,7,0.959936102550956,0,0,1,replayed_pf_result
41,6,1,8,0.958686365208186,0,0,1,replayed_pf_result
41,6,1,9,1.00048394240388,0,0,1,replayed_pf_result
41,6,1,10,0.994541005398171,0,0,1,replayed_pf_result
41,6,1,11,0.985909294385032,0,0,1,replayed_pf_result
41,6,1,12,0.972963652874665,0,0,1,replayed_pf_result
41,6,1,13,0.988210526779177,0,0,1,replayed_pf_result
41,6,1,14,0.979062079804547,0,0,1,replayed_pf_result
41,6,1,15,0.980245845087061,0,0,1,replayed_pf_result
41,6,1,16,0.996302440927052,0,0,1,replayed_pf_result
41,6,1,17,0.996221217349173,0,0,1,replayed_pf_result
41,6,1,18,0.993841503897707,0,0,1,replayed_pf_result
41,6,1,19,1.03561656169837,0,0,1,replayed_pf_result
41,6,1,20,0.977483465500916,0,0,1,replayed_pf_result
41,6,1,21,0.989484464708937,0,0,1,replayed_pf_result
41,6,1,22,1.00154389271142,0,0,1,replayed_pf_result
41,6,1,23,0.994231807849476,0,0,1,replayed_pf_result
41,6,1,24,0.99970354007194,0,0,1,replayed_pf_result
41,6,1,25,0.998621778897466,0,0,1,replayed_pf_result
41,6,1,26,1.01059150119456,0,0,1,replayed_pf_result
41,6,1,27,0.998065205018312,0,0,1,replayed_pf_result
41,6,1,28,1.01702039246714,0,0,1,replayed_pf_result
41,6,1,29,1.01920392662302,0,0,1,replayed_pf_result
41,6,1,30,1,0,0,1,replayed_pf_result
41,6,1,31,1,0,0,1,replayed_pf_result
41,6,1,32,1,0,0,1,replayed_pf_result
41,6,1,33,1,0,0,1,replayed_pf_result
41,6,1,34,1,0,0,1,replayed_pf_result
41,6,1,35,1,0,0,1,replayed_pf_result
41,6,1,36,1,0,0,1,replayed_pf_result
41,6,1,37,1.0275,0,0,1,replayed_pf_result
41,6,1,38,1,0,0,1,replayed_pf_result
41,6,1,39,1,0,0,1,replayed_pf_result
41,7,1,1,1.00652177052089,0,0,1,replayed_pf_result
41,7,1,2,1.01223573907119,0,0,1,replayed_pf_result
41,7,1,3,0.993661185107539,0,0,1,replayed_pf_result
41,7,1,4,0.966874193093768,0,0,1,replayed_pf_result
41,7,1,5,0.968651360628816,0,0,1,replayed_pf_result
41,7,1,6,0.972331848986142,0,0,1,replayed_pf_result
41,7,1,7,0.959936102550956,0,0,1,replayed_pf_result
41,7,1,8,0.958686365208186,0,0,1,replayed_pf_result
41,7,1,9,1.00048394240388,0,0,1,replayed_pf_result
41,7,1,10,0.994541005398171,0,0,1,replayed_pf_result
41,7,1,11,0.985909294385032,0,0,1,replayed_pf_result
41,7,1,12,0.972963652874665,0,0,1,replayed_pf_result
41,7,1,13,0.988210526779177,0,0,1,replayed_pf_result
41,7,1,14,0.979062079804547,0,0,1,replayed_pf_result
41,7,1,15,0.980245845087061,0,0,1,replayed_pf_result
41,7,1,16,0.996302440927052,0,0,1,replayed_pf_result
41,7,1,17,0.996221217349173,0,0,1,replayed_pf_result
41,7,1,18,0.993841503897707,0,0,1,replayed_pf_result
41,7,1,19,1.03561656169837,0,0,1,replayed_pf_result
41,7,1,20,0.977483465500916,0,0,1,replayed_pf_result
41,7,1,21,0.989484464708937,0,0,1,replayed_pf_result
41,7,1,22,1.00154389271142,0,0,1,replayed_pf_result
41,7,1,23,0.994231807849476,0,0,1,replayed_pf_result
41,7,1,24,0.99970354007194,0,0,1,replayed_pf_result
41,7,1,25,0.998621778897466,0,0,1,replayed_pf_result
41,7,1,26,1.01059150119456,0,0,1,replayed_pf_result
41,7,1,27,0.998065205018312,0,0,1,replayed_pf_result
41,7,1,28,1.01702039246714,0,0,1,replayed_pf_result
41,7,1,29,1.01920392662302,0,0,1,replayed_pf_result
41,7,1,30,1,0,0,1,replayed_pf_result
41,7,1,31,1,0,0,1,replayed_pf_result
41,7,1,32,1,0,0,1,replayed_pf_result
41,7,1,33,1,0,0,1,replayed_pf_result
41,7,1,34,1,0,0,1,replayed_pf_result
41,7,1,35,1,0,0,1,replayed_pf_result
41,7,1,36,1,0,0,1,replayed_pf_result
41,7,1,37,1.0275,0,0,1,replayed_pf_result
41,7,1,38,1,0,0,1,replayed_pf_result
41,7,1,39,1,0,0,1,replayed_pf_result
41,8,1,1,1.00652177052089,0,0,1,replayed_pf_result
41,8,1,2,1.01223573907119,0,0,1,replayed_pf_result
41,8,1,3,0.993661185107539,0,0,1,replayed_pf_result
41,8,1,4,0.966874193093768,0,0,1,replayed_pf_result
41,8,1,5,0.968651360628816,0,0,1,replayed_pf_result
41,8,1,6,0.972331848986142,0,0,1,replayed_pf_result
41,8,1,7,0.959936102550956,0,0,1,replayed_pf_result
41,8,1,8,0.958686365208186,0,0,1,replayed_pf_result
41,8,1,9,1.00048394240388,0,0,1,replayed_pf_result
41,8,1,10,0.994541005398171,0,0,1,replayed_pf_result
41,8,1,11,0.985909294385032,0,0,1,replayed_pf_result
41,8,1,12,0.972963652874665,0,0,1,replayed_pf_result
41,8,1,13,0.988210526779177,0,0,1,replayed_pf_result
41,8,1,14,0.979062079804547,0,0,1,replayed_pf_result
41,8,1,15,0.980245845087061,0,0,1,replayed_pf_result
41,8,1,16,0.996302440927052,0,0,1,replayed_pf_result
41,8,1,17,0.996221217349173,0,0,1,replayed_pf_result
41,8,1,18,0.993841503897707,0,0,1,replayed_pf_result
41,8,1,19,1.03561656169837,0,0,1,replayed_pf_result
41,8,1,20,0.977483465500916,0,0,1,replayed_pf_result
41,8,1,21,0.989484464708937,0,0,1,replayed_pf_result
41,8,1,22,1.00154389271142,0,0,1,replayed_pf_result
41,8,1,23,0.994231807849476,0,0,1,replayed_pf_result
41,8,1,24,0.99970354007194,0,0,1,replayed_pf_result
41,8,1,25,0.998621778897466,0,0,1,replayed_pf_result
41,8,1,26,1.01059150119456,0,0,1,replayed_pf_result
41,8,1,27,0.998065205018312,0,0,1,replayed_pf_result
41,8,1,28,1.01702039246714,0,0,1,replayed_pf_result
41,8,1,29,1.01920392662302,0,0,1,replayed_pf_result
41,8,1,30,1,0,0,1,replayed_pf_result
41,8,1,31,1,0,0,1,replayed_pf_result
41,8,1,32,1,0,0,1,replayed_pf_result
41,8,1,33,1,0,0,1,replayed_pf_result
41,8,1,34,1,0,0,1,replayed_pf_result
41,8,1,35,1,0,0,1,replayed_pf_result
41,8,1,36,1,0,0,1,replayed_pf_result
41,8,1,37,1.0275,0,0,1,replayed_pf_result
41,8,1,38,1,0,0,1,replayed_pf_result
41,8,1,39,1,0,0,1,replayed_pf_result
41,9,1,1,1.00652177052089,0,0,1,replayed_pf_result
41,9,1,2,1.01223573907119,0,0,1,replayed_pf_result
41,9,1,3,0.993661185107539,0,0,1,replayed_pf_result
41,9,1,4,0.966874193093768,0,0,1,replayed_pf_result
41,9,1,5,0.968651360628816,0,0,1,replayed_pf_result
41,9,1,6,0.972331848986142,0,0,1,replayed_pf_result
41,9,1,7,0.959936102550956,0,0,1,replayed_pf_result
41,9,1,8,0.958686365208186,0,0,1,replayed_pf_result
41,9,1,9,1.00048394240388,0,0,1,replayed_pf_result
41,9,1,10,0.994541005398171,0,0,1,replayed_pf_result
41,9,1,11,0.985909294385032,0,0,1,replayed_pf_result
41,9,1,12,0.972963652874665,0,0,1,replayed_pf_result
41,9,1,13,0.988210526779177,0,0,1,replayed_pf_result
41,9,1,14,0.979062079804547,0,0,1,replayed_pf_result
41,9,1,15,0.980245845087061,0,0,1,replayed_pf_result
41,9,1,16,0.996302440927052,0,0,1,replayed_pf_result
41,9,1,17,0.996221217349173,0,0,1,replayed_pf_result
41,9,1,18,0.993841503897707,0,0,1,replayed_pf_result
41,9,1,19,1.03561656169837,0,0,1,replayed_pf_result
41,9,1,20,0.977483465500916,0,0,1,replayed_pf_result
41,9,1,21,0.989484464708937,0,0,1,replayed_pf_result
41,9,1,22,1.00154389271142,0,0,1,replayed_pf_result
41,9,1,23,0.994231807849476,0,0,1,replayed_pf_result
41,9,1,24,0.99970354007194,0,0,1,replayed_pf_result
41,9,1,25,0.998621778897466,0,0,1,replayed_pf_result
41,9,1,26,1.01059150119456,0,0,1,replayed_pf_result
41,9,1,27,0.998065205018312,0,0,1,replayed_pf_result
41,9,1,28,1.01702039246714,0,0,1,replayed_pf_result
41,9,1,29,1.01920392662302,0,0,1,replayed_pf_result
41,9,1,30,1,0,0,1,replayed_pf_result
41,9,1,31,1,0,0,1,replayed_pf_result
41,9,1,32,1,0,0,1,replayed_pf_result
41,9,1,33,1,0,0,1,replayed_pf_result
41,9,1,34,1,0,0,1,replayed_pf_result
41,9,1,35,1,0,0,1,replayed_pf_result
41,9,1,36,1,0,0,1,replayed_pf_result
41,9,1,37,1.0275,0,0,1,replayed_pf_result
41,9,1,38,1,0,0,1,replayed_pf_result
41,9,1,39,1,0,0,1,replayed_pf_result
41,10,1,1,1.00652177052089,0,0,1,replayed_pf_result
41,10,1,2,1.01223573907119,0,0,1,replayed_pf_result
41,10,1,3,0.993661185107539,0,0,1,replayed_pf_result
41,10,1,4,0.966874193093768,0,0,1,replayed_pf_result
41,10,1,5,0.968651360628816,0,0,1,replayed_pf_result
41,10,1,6,0.972331848986142,0,0,1,replayed_pf_result
41,10,1,7,0.959936102550956,0,0,1,replayed_pf_result
41,10,1,8,0.958686365208186,0,0,1,replayed_pf_result
41,10,1,9,1.00048394240388,0,0,1,replayed_pf_result
41,10,1,10,0.994541005398171,0,0,1,replayed_pf_result
41,10,1,11,0.985909294385032,0,0,1,replayed_pf_result
41,10,1,12,0.972963652874665,0,0,1,replayed_pf_result
41,10,1,13,0.988210526779177,0,0,1,replayed_pf_result
41,10,1,14,0.979062079804547,0,0,1,replayed_pf_result
41,10,1,15,0.980245845087061,0,0,1,replayed_pf_result
41,10,1,16,0.996302440927052,0,0,1,replayed_pf_result
41,10,1,17,0.996221217349173,0,0,1,replayed_pf_result
41,10,1,18,0.993841503897707,0,0,1,replayed_pf_result
41,10,1,19,1.03561656169837,0,0,1,replayed_pf_result
41,10,1,20,0.977483465500916,0,0,1,replayed_pf_result
41,10,1,21,0.989484464708937,0,0,1,replayed_pf_result
41,10,1,22,1.00154389271142,0,0,1,replayed_pf_result
41,10,1,23,0.994231807849476,0,0,1,replayed_pf_result
41,10,1,24,0.99970354007194,0,0,1,replayed_pf_result
41,10,1,25,0.998621778897466,0,0,1,replayed_pf_result
41,10,1,26,1.01059150119456,0,0,1,replayed_pf_result
41,10,1,27,0.998065205018312,0,0,1,replayed_pf_result
41,10,1,28,1.01702039246714,0,0,1,replayed_pf_result
41,10,1,29,1.01920392662302,0,0,1,replayed_pf_result
41,10,1,30,1,0,0,1,replayed_pf_result
41,10,1,31,1,0,0,1,replayed_pf_result
41,10,1,32,1,0,0,1,replayed_pf_result
41,10,1,33,1,0,0,1,replayed_pf_result
41,10,1,34,1,0,0,1,replayed_pf_result
41,10,1,35,1,0,0,1,replayed_pf_result
41,10,1,36,1,0,0,1,replayed_pf_result
41,10,1,37,1.0275,0,0,1,replayed_pf_result
41,10,1,38,1,0,0,1,replayed_pf_result
41,10,1,39,1,0,0,1,replayed_pf_result
41,11,1,1,1.00652177052089,0,0,1,replayed_pf_result
41,11,1,2,1.01223573907119,0,0,1,replayed_pf_result
41,11,1,3,0.993661185107539,0,0,1,replayed_pf_result
41,11,1,4,0.966874193093768,0,0,1,replayed_pf_result
41,11,1,5,0.968651360628816,0,0,1,replayed_pf_result
41,11,1,6,0.972331848986142,0,0,1,replayed_pf_result
41,11,1,7,0.959936102550956,0,0,1,replayed_pf_result
41,11,1,8,0.958686365208186,0,0,1,replayed_pf_result
41,11,1,9,1.00048394240388,0,0,1,replayed_pf_result
41,11,1,10,0.994541005398171,0,0,1,replayed_pf_result
41,11,1,11,0.985909294385032,0,0,1,replayed_pf_result
41,11,1,12,0.972963652874665,0,0,1,replayed_pf_result
41,11,1,13,0.988210526779177,0,0,1,replayed_pf_result
41,11,1,14,0.979062079804547,0,0,1,replayed_pf_result
41,11,1,15,0.980245845087061,0,0,1,replayed_pf_result
41,11,1,16,0.996302440927052,0,0,1,replayed_pf_result
41,11,1,17,0.996221217349173,0,0,1,replayed_pf_result
41,11,1,18,0.993841503897707,0,0,1,replayed_pf_result
41,11,1,19,1.03561656169837,0,0,1,replayed_pf_result
41,11,1,20,0.977483465500916,0,0,1,replayed_pf_result
41,11,1,21,0.989484464708937,0,0,1,replayed_pf_result
41,11,1,22,1.00154389271142,0,0,1,replayed_pf_result
41,11,1,23,0.994231807849476,0,0,1,replayed_pf_result
41,11,1,24,0.99970354007194,0,0,1,replayed_pf_result
41,11,1,25,0.998621778897466,0,0,1,replayed_pf_result
41,11,1,26,1.01059150119456,0,0,1,replayed_pf_result
41,11,1,27,0.998065205018312,0,0,1,replayed_pf_result
41,11,1,28,1.01702039246714,0,0,1,replayed_pf_result
41,11,1,29,1.01920392662302,0,0,1,replayed_pf_result
41,11,1,30,1,0,0,1,replayed_pf_result
41,11,1,31,1,0,0,1,replayed_pf_result
41,11,1,32,1,0,0,1,replayed_pf_result
41,11,1,33,1,0,0,1,replayed_pf_result
41,11,1,34,1,0,0,1,replayed_pf_result
41,11,1,35,1,0,0,1,replayed_pf_result
41,11,1,36,1,0,0,1,replayed_pf_result
41,11,1,37,1.0275,0,0,1,replayed_pf_result
41,11,1,38,1,0,0,1,replayed_pf_result
41,11,1,39,1,0,0,1,replayed_pf_result
41,12,1,1,1.00652177052089,0,0,1,replayed_pf_result
41,12,1,2,1.01223573907119,0,0,1,replayed_pf_result
41,12,1,3,0.993661185107539,0,0,1,replayed_pf_result
41,12,1,4,0.966874193093768,0,0,1,replayed_pf_result
41,12,1,5,0.968651360628816,0,0,1,replayed_pf_result
41,12,1,6,0.972331848986142,0,0,1,replayed_pf_result
41,12,1,7,0.959936102550956,0,0,1,replayed_pf_result
41,12,1,8,0.958686365208186,0,0,1,replayed_pf_result
41,12,1,9,1.00048394240388,0,0,1,replayed_pf_result
41,12,1,10,0.994541005398171,0,0,1,replayed_pf_result
41,12,1,11,0.985909294385032,0,0,1,replayed_pf_result
41,12,1,12,0.972963652874665,0,0,1,replayed_pf_result
41,12,1,13,0.988210526779177,0,0,1,replayed_pf_result
41,12,1,14,0.979062079804547,0,0,1,replayed_pf_result
41,12,1,15,0.980245845087061,0,0,1,replayed_pf_result
41,12,1,16,0.996302440927052,0,0,1,replayed_pf_result
41,12,1,17,0.996221217349173,0,0,1,replayed_pf_result
41,12,1,18,0.993841503897707,0,0,1,replayed_pf_result
41,12,1,19,1.03561656169837,0,0,1,replayed_pf_result
41,12,1,20,0.977483465500916,0,0,1,replayed_pf_result
41,12,1,21,0.989484464708937,0,0,1,replayed_pf_result
41,12,1,22,1.00154389271142,0,0,1,replayed_pf_result
41,12,1,23,0.994231807849476,0,0,1,replayed_pf_result
41,12,1,24,0.99970354007194,0,0,1,replayed_pf_result
41,12,1,25,0.998621778897466,0,0,1,replayed_pf_result
41,12,1,26,1.01059150119456,0,0,1,replayed_pf_result
41,12,1,27,0.998065205018312,0,0,1,replayed_pf_result
41,12,1,28,1.01702039246714,0,0,1,replayed_pf_result
41,12,1,29,1.01920392662302,0,0,1,replayed_pf_result
41,12,1,30,1,0,0,1,replayed_pf_result
41,12,1,31,1,0,0,1,replayed_pf_result
41,12,1,32,1,0,0,1,replayed_pf_result
41,12,1,33,1,0,0,1,replayed_pf_result
41,12,1,34,1,0,0,1,replayed_pf_result
41,12,1,35,1,0,0,1,replayed_pf_result
41,12,1,36,1,0,0,1,replayed_pf_result
41,12,1,37,1.0275,0,0,1,replayed_pf_result
41,12,1,38,1,0,0,1,replayed_pf_result
41,12,1,39,1,0,0,1,replayed_pf_result
41,13,1,1,1.00652177052089,0,0,1,replayed_pf_result
41,13,1,2,1.01223573907119,0,0,1,replayed_pf_result
41,13,1,3,0.993661185107539,0,0,1,replayed_pf_result
41,13,1,4,0.966874193093768,0,0,1,replayed_pf_result
41,13,1,5,0.968651360628816,0,0,1,replayed_pf_result
41,13,1,6,0.972331848986142,0,0,1,replayed_pf_result
41,13,1,7,0.959936102550956,0,0,1,replayed_pf_result
41,13,1,8,0.958686365208186,0,0,1,replayed_pf_result
41,13,1,9,1.00048394240388,0,0,1,replayed_pf_result
41,13,1,10,0.994541005398171,0,0,1,replayed_pf_result
41,13,1,11,0.985909294385032,0,0,1,replayed_pf_result
41,13,1,12,0.972963652874665,0,0,1,replayed_pf_result
41,13,1,13,0.988210526779177,0,0,1,replayed_pf_result
41,13,1,14,0.979062079804547,0,0,1,replayed_pf_result
41,13,1,15,0.980245845087061,0,0,1,replayed_pf_result
41,13,1,16,0.996302440927052,0,0,1,replayed_pf_result
41,13,1,17,0.996221217349173,0,0,1,replayed_pf_result
41,13,1,18,0.993841503897707,0,0,1,replayed_pf_result
41,13,1,19,1.03561656169837,0,0,1,replayed_pf_result
41,13,1,20,0.977483465500916,0,0,1,replayed_pf_result
41,13,1,21,0.989484464708937,0,0,1,replayed_pf_result
41,13,1,22,1.00154389271142,0,0,1,replayed_pf_result
41,13,1,23,0.994231807849476,0,0,1,replayed_pf_result
41,13,1,24,0.99970354007194,0,0,1,replayed_pf_result
41,13,1,25,0.998621778897466,0,0,1,replayed_pf_result
41,13,1,26,1.01059150119456,0,0,1,replayed_pf_result
41,13,1,27,0.998065205018312,0,0,1,replayed_pf_result
41,13,1,28,1.01702039246714,0,0,1,replayed_pf_result
41,13,1,29,1.01920392662302,0,0,1,replayed_pf_result
41,13,1,30,1,0,0,1,replayed_pf_result
41,13,1,31,1,0,0,1,replayed_pf_result
41,13,1,32,1,0,0,1,replayed_pf_result
41,13,1,33,1,0,0,1,replayed_pf_result
41,13,1,34,1,0,0,1,replayed_pf_result
41,13,1,35,1,0,0,1,replayed_pf_result
41,13,1,36,1,0,0,1,replayed_pf_result
41,13,1,37,1.0275,0,0,1,replayed_pf_result
41,13,1,38,1,0,0,1,replayed_pf_result
41,13,1,39,1,0,0,1,replayed_pf_result
41,13,2,1,1.00657263598125,0,0,1,replayed_pf_result
41,13,2,2,1.00848877920261,0,0,1,replayed_pf_result
41,13,2,3,0.985159299823705,0,0,1,replayed_pf_result
41,13,2,4,0.949873278746608,0,0,1,replayed_pf_result
41,13,2,5,0.960584148072908,0,0,1,replayed_pf_result
41,13,2,6,0.963646753075598,0,0,1,replayed_pf_result
41,13,2,7,0.950590875784726,0,0,1,replayed_pf_result
41,13,2,8,0.949093739924513,0,0,1,replayed_pf_result
41,13,2,9,0.992935121181005,0,0,1,replayed_pf_result
41,13,2,10,0.981129177006561,0,0,1,replayed_pf_result
41,13,2,11,0.973724237114681,0,0,1,replayed_pf_result
41,13,2,12,0.957901755031607,0,0,1,replayed_pf_result
41,13,2,13,0.971716817819043,0,0,1,replayed_pf_result
41,13,2,14,0.960014537143261,0,0,1,replayed_pf_result
41,13,2,15,0.969412278381708,0,0,1,replayed_pf_result
41,13,2,16,0.989467477834194,0,0,1,replayed_pf_result
41,13,2,17,0.989215522695578,0,0,1,replayed_pf_result
41,13,2,18,0.986193592553844,0,0,1,replayed_pf_result
41,13,2,19,1.03310323469508,0,0,1,replayed_pf_result
41,13,2,20,0.976111195293494,0,0,1,replayed_pf_result
41,13,2,21,0.984662989654241,0,0,1,replayed_pf_result
41,13,2,22,0.998958734022169,0,0,1,replayed_pf_result
41,13,2,23,0.991554330371183,0,0,1,replayed_pf_result
41,13,2,24,0.993472500114314,0,0,1,replayed_pf_result
41,13,2,25,0.994295236620891,0,0,1,replayed_pf_result
41,13,2,26,1.00618259575785,0,0,1,replayed_pf_result
41,13,2,27,0.992404464818985,0,0,1,replayed_pf_result
41,13,2,28,1.01474549692617,0,0,1,replayed_pf_result
41,13,2,29,1.01764485001086,0,0,1,replayed_pf_result
41,13,2,30,1,0,0,1,replayed_pf_result
41,13,2,31,1,0,0,1,replayed_pf_result
41,13,2,32,1,0,0,1,replayed_pf_result
41,13,2,33,1,0,0,1,replayed_pf_result
41,13,2,34,1,0,0,1,replayed_pf_result
41,13,2,35,1,0,0,1,replayed_pf_result
41,13,2,36,1,0,0,1,replayed_pf_result
41,13,2,37,1.0275,0,0,1,replayed_pf_result
41,13,2,38,1,0,0,1,replayed_pf_result
41,13,2,39,1,0,0,1,replayed_pf_result
41,13,3,1,0.990889740001238,0,0,1,replayed_after_load_shedding
41,13,3,2,0.991827553516998,0,0,1,replayed_after_load_shedding
41,13,3,3,0.961974577500914,0,0,1,replayed_after_load_shedding
41,13,3,4,0.913621608749229,0,0,1,replayed_after_load_shedding
41,13,3,5,0.964057867853347,0,0,1,replayed_after_load_shedding
41,13,3,6,0.96997163577011,0,0,1,replayed_after_load_shedding
41,13,3,7,0.948097090945717,0,0,1,replayed_after_load_shedding
41,13,3,8,0.942305184770105,0,0,1,replayed_after_load_shedding
41,13,3,9,0.961331959131837,0,0,1,replayed_after_load_shedding
41,13,3,10,1.00101429773793,0,0,1,replayed_after_load_shedding
41,13,3,11,0.987498850044022,0,0,1,replayed_after_load_shedding
41,13,3,12,0.95685260089326,0,0,1,replayed_after_load_shedding
41,13,3,13,0.951145726534055,0,0,1,replayed_after_load_shedding
41,13,3,14,0.983109862356754,0,0,1,replayed_after_load_shedding
41,13,3,15,0.979205888330847,0,0,1,replayed_after_load_shedding
41,13,3,16,0.991270910176882,0,0,1,replayed_after_load_shedding
41,13,3,17,0.9839391682929,0,0,1,replayed_after_load_shedding
41,13,3,18,0.974155806451318,0,0,1,replayed_after_load_shedding
41,13,3,19,1.03416503972052,0,0,1,replayed_after_load_shedding
41,13,3,20,0.97790332269939,0,0,1,replayed_after_load_shedding
41,13,3,21,0.98699974934862,0,0,1,replayed_after_load_shedding
41,13,3,22,1.00027820905141,0,0,1,replayed_after_load_shedding
41,13,3,23,0.993094764160256,0,0,1,replayed_after_load_shedding
41,13,3,24,0.994747488487797,0,0,1,replayed_after_load_shedding
41,13,3,25,0.978350350403123,0,0,1,replayed_after_load_shedding
41,13,3,26,0.998677191820184,0,0,1,replayed_after_load_shedding
41,13,3,27,0.986597408069354,0,0,1,replayed_after_load_shedding
41,13,3,28,1.01171130686013,0,0,1,replayed_after_load_shedding
41,13,3,29,1.01560234280405,0,0,1,replayed_after_load_shedding
41,13,3,30,1,0,0,1,replayed_after_load_shedding
41,13,3,31,1,0,0,1,replayed_after_load_shedding
41,13,3,32,1,0,0,1,replayed_after_load_shedding
41,13,3,33,1,0,0,1,replayed_after_load_shedding
41,13,3,34,1,0,0,1,replayed_after_load_shedding
41,13,3,35,1,0,0,1,replayed_after_load_shedding
41,13,3,36,1,0,0,1,replayed_after_load_shedding
41,13,3,37,1.0275,0,0,1,replayed_after_load_shedding
41,13,3,38,1,0,0,1,replayed_after_load_shedding
41,13,3,39,1,0,0,1,replayed_after_load_shedding
41,13,4,1,1.01514290989362,0,0,1,replayed_pf_result
41,13,4,2,1.02763625424895,0,0,1,replayed_pf_result
41,13,4,3,0.988400540087299,0,0,1,replayed_pf_result
41,13,4,4,1.00446,0,0,1,replayed_pf_result
41,13,4,5,0.979847136419245,0,0,1,replayed_pf_result
41,13,4,6,0.982475027900489,0,0,1,replayed_pf_result
41,13,4,7,0.97103890826456,0,0,1,replayed_pf_result
41,13,4,8,0.969560431317297,0,0,1,replayed_pf_result
41,13,4,9,1.00218615748059,0,0,1,replayed_pf_result
41,13,4,10,1.0178431,0,0,1,replayed_pf_result
41,13,4,11,1.0133858,0,0,1,replayed_pf_result
41,13,4,12,1.000815,0,0,1,replayed_pf_result
41,13,4,13,1.014923,0,0,1,replayed_pf_result
41,13,4,14,0.990977890244046,0,0,1,replayed_pf_result
41,13,4,15,0.987042671921156,0,0,1,replayed_pf_result
41,13,4,16,0.99894012280781,0,0,1,replayed_pf_result
41,13,4,17,0.996069877764333,0,0,1,replayed_pf_result
41,13,4,18,0.991282074839043,0,0,1,replayed_pf_result
41,13,4,19,1.03698611976042,0,0,1,replayed_pf_result
41,13,4,20,0.979440898122021,0,0,1,replayed_pf_result
41,13,4,21,0.992406251282254,0,0,1,replayed_pf_result
41,13,4,22,1.00317775389234,0,0,1,replayed_pf_result
41,13,4,23,0.996098077716844,0,0,1,replayed_pf_result
41,13,4,24,1.00174301397839,0,0,1,replayed_pf_result
41,13,4,25,1.00042630420527,0,0,1,replayed_pf_result
41,13,4,26,1.00949870046492,0,0,1,replayed_pf_result
41,13,4,27,0.997360245623658,0,0,1,replayed_pf_result
41,13,4,28,1.0172934715706,0,0,1,replayed_pf_result
41,13,4,29,1.0194284970452,0,0,1,replayed_pf_result
41,13,4,30,1,0,0,1,replayed_pf_result
41,13,4,31,1,0,0,1,replayed_pf_result
41,13,4,32,0.9841,0,0,1,replayed_pf_result
41,13,4,33,1,0,0,1,replayed_pf_result
41,13,4,34,1,0,0,1,replayed_pf_result
41,13,4,35,1,0,0,1,replayed_pf_result
41,13,4,36,1,0,0,1,replayed_pf_result
41,13,4,37,1.0275,0,0,1,replayed_pf_result
41,13,4,38,1,0,0,1,replayed_pf_result
41,13,4,39,1,0,0,1,replayed_pf_result
41,14,1,1,1.00652177052089,0,0,1,replayed_pf_result
41,14,1,2,1.01223573907119,0,0,1,replayed_pf_result
41,14,1,3,0.993661185107539,0,0,1,replayed_pf_result
41,14,1,4,0.966874193093768,0,0,1,replayed_pf_result
41,14,1,5,0.968651360628816,0,0,1,replayed_pf_result
41,14,1,6,0.972331848986142,0,0,1,replayed_pf_result
41,14,1,7,0.959936102550956,0,0,1,replayed_pf_result
41,14,1,8,0.958686365208186,0,0,1,replayed_pf_result
41,14,1,9,1.00048394240388,0,0,1,replayed_pf_result
41,14,1,10,0.994541005398171,0,0,1,replayed_pf_result
41,14,1,11,0.985909294385032,0,0,1,replayed_pf_result
41,14,1,12,0.972963652874665,0,0,1,replayed_pf_result
41,14,1,13,0.988210526779177,0,0,1,replayed_pf_result
41,14,1,14,0.979062079804547,0,0,1,replayed_pf_result
41,14,1,15,0.980245845087061,0,0,1,replayed_pf_result
41,14,1,16,0.996302440927052,0,0,1,replayed_pf_result
41,14,1,17,0.996221217349173,0,0,1,replayed_pf_result
41,14,1,18,0.993841503897707,0,0,1,replayed_pf_result
41,14,1,19,1.03561656169837,0,0,1,replayed_pf_result
41,14,1,20,0.977483465500916,0,0,1,replayed_pf_result
41,14,1,21,0.989484464708937,0,0,1,replayed_pf_result
41,14,1,22,1.00154389271142,0,0,1,replayed_pf_result
41,14,1,23,0.994231807849476,0,0,1,replayed_pf_result
41,14,1,24,0.99970354007194,0,0,1,replayed_pf_result
41,14,1,25,0.998621778897466,0,0,1,replayed_pf_result
41,14,1,26,1.01059150119456,0,0,1,replayed_pf_result
41,14,1,27,0.998065205018312,0,0,1,replayed_pf_result
41,14,1,28,1.01702039246714,0,0,1,replayed_pf_result
41,14,1,29,1.01920392662302,0,0,1,replayed_pf_result
41,14,1,30,1,0,0,1,replayed_pf_result
41,14,1,31,1,0,0,1,replayed_pf_result
41,14,1,32,1,0,0,1,replayed_pf_result
41,14,1,33,1,0,0,1,replayed_pf_result
41,14,1,34,1,0,0,1,replayed_pf_result
41,14,1,35,1,0,0,1,replayed_pf_result
41,14,1,36,1,0,0,1,replayed_pf_result
41,14,1,37,1.0275,0,0,1,replayed_pf_result
41,14,1,38,1,0,0,1,replayed_pf_result
41,14,1,39,1,0,0,1,replayed_pf_result
41,15,1,1,1.00652177052089,0,0,1,replayed_pf_result
41,15,1,2,1.01223573907119,0,0,1,replayed_pf_result
41,15,1,3,0.993661185107539,0,0,1,replayed_pf_result
41,15,1,4,0.966874193093768,0,0,1,replayed_pf_result
41,15,1,5,0.968651360628816,0,0,1,replayed_pf_result
41,15,1,6,0.972331848986142,0,0,1,replayed_pf_result
41,15,1,7,0.959936102550956,0,0,1,replayed_pf_result
41,15,1,8,0.958686365208186,0,0,1,replayed_pf_result
41,15,1,9,1.00048394240388,0,0,1,replayed_pf_result
41,15,1,10,0.994541005398171,0,0,1,replayed_pf_result
41,15,1,11,0.985909294385032,0,0,1,replayed_pf_result
41,15,1,12,0.972963652874665,0,0,1,replayed_pf_result
41,15,1,13,0.988210526779177,0,0,1,replayed_pf_result
41,15,1,14,0.979062079804547,0,0,1,replayed_pf_result
41,15,1,15,0.980245845087061,0,0,1,replayed_pf_result
41,15,1,16,0.996302440927052,0,0,1,replayed_pf_result
41,15,1,17,0.996221217349173,0,0,1,replayed_pf_result
41,15,1,18,0.993841503897707,0,0,1,replayed_pf_result
41,15,1,19,1.03561656169837,0,0,1,replayed_pf_result
41,15,1,20,0.977483465500916,0,0,1,replayed_pf_result
41,15,1,21,0.989484464708937,0,0,1,replayed_pf_result
41,15,1,22,1.00154389271142,0,0,1,replayed_pf_result
41,15,1,23,0.994231807849476,0,0,1,replayed_pf_result
41,15,1,24,0.99970354007194,0,0,1,replayed_pf_result
41,15,1,25,0.998621778897466,0,0,1,replayed_pf_result
41,15,1,26,1.01059150119456,0,0,1,replayed_pf_result
41,15,1,27,0.998065205018312,0,0,1,replayed_pf_result
41,15,1,28,1.01702039246714,0,0,1,replayed_pf_result
41,15,1,29,1.01920392662302,0,0,1,replayed_pf_result
41,15,1,30,1,0,0,1,replayed_pf_result
41,15,1,31,1,0,0,1,replayed_pf_result
41,15,1,32,1,0,0,1,replayed_pf_result
41,15,1,33,1,0,0,1,replayed_pf_result
41,15,1,34,1,0,0,1,replayed_pf_result
41,15,1,35,1,0,0,1,replayed_pf_result
41,15,1,36,1,0,0,1,replayed_pf_result
41,15,1,37,1.0275,0,0,1,replayed_pf_result
41,15,1,38,1,0,0,1,replayed_pf_result
41,15,1,39,1,0,0,1,replayed_pf_result
41,16,1,1,1.00652177052089,0,0,1,replayed_pf_result
41,16,1,2,1.01223573907119,0,0,1,replayed_pf_result
41,16,1,3,0.993661185107539,0,0,1,replayed_pf_result
41,16,1,4,0.966874193093768,0,0,1,replayed_pf_result
41,16,1,5,0.968651360628816,0,0,1,replayed_pf_result
41,16,1,6,0.972331848986142,0,0,1,replayed_pf_result
41,16,1,7,0.959936102550956,0,0,1,replayed_pf_result
41,16,1,8,0.958686365208186,0,0,1,replayed_pf_result
41,16,1,9,1.00048394240388,0,0,1,replayed_pf_result
41,16,1,10,0.994541005398171,0,0,1,replayed_pf_result
41,16,1,11,0.985909294385032,0,0,1,replayed_pf_result
41,16,1,12,0.972963652874665,0,0,1,replayed_pf_result
41,16,1,13,0.988210526779177,0,0,1,replayed_pf_result
41,16,1,14,0.979062079804547,0,0,1,replayed_pf_result
41,16,1,15,0.980245845087061,0,0,1,replayed_pf_result
41,16,1,16,0.996302440927052,0,0,1,replayed_pf_result
41,16,1,17,0.996221217349173,0,0,1,replayed_pf_result
41,16,1,18,0.993841503897707,0,0,1,replayed_pf_result
41,16,1,19,1.03561656169837,0,0,1,replayed_pf_result
41,16,1,20,0.977483465500916,0,0,1,replayed_pf_result
41,16,1,21,0.989484464708937,0,0,1,replayed_pf_result
41,16,1,22,1.00154389271142,0,0,1,replayed_pf_result
41,16,1,23,0.994231807849476,0,0,1,replayed_pf_result
41,16,1,24,0.99970354007194,0,0,1,replayed_pf_result
41,16,1,25,0.998621778897466,0,0,1,replayed_pf_result
41,16,1,26,1.01059150119456,0,0,1,replayed_pf_result
41,16,1,27,0.998065205018312,0,0,1,replayed_pf_result
41,16,1,28,1.01702039246714,0,0,1,replayed_pf_result
41,16,1,29,1.01920392662302,0,0,1,replayed_pf_result
41,16,1,30,1,0,0,1,replayed_pf_result
41,16,1,31,1,0,0,1,replayed_pf_result
41,16,1,32,1,0,0,1,replayed_pf_result
41,16,1,33,1,0,0,1,replayed_pf_result
41,16,1,34,1,0,0,1,replayed_pf_result
41,16,1,35,1,0,0,1,replayed_pf_result
41,16,1,36,1,0,0,1,replayed_pf_result
41,16,1,37,1.0275,0,0,1,replayed_pf_result
41,16,1,38,1,0,0,1,replayed_pf_result
41,16,1,39,1,0,0,1,replayed_pf_result
41,17,1,1,1.00652177052089,0,0,1,replayed_pf_result
41,17,1,2,1.01223573907119,0,0,1,replayed_pf_result
41,17,1,3,0.993661185107539,0,0,1,replayed_pf_result
41,17,1,4,0.966874193093768,0,0,1,replayed_pf_result
41,17,1,5,0.968651360628816,0,0,1,replayed_pf_result
41,17,1,6,0.972331848986142,0,0,1,replayed_pf_result
41,17,1,7,0.959936102550956,0,0,1,replayed_pf_result
41,17,1,8,0.958686365208186,0,0,1,replayed_pf_result
41,17,1,9,1.00048394240388,0,0,1,replayed_pf_result
41,17,1,10,0.994541005398171,0,0,1,replayed_pf_result
41,17,1,11,0.985909294385032,0,0,1,replayed_pf_result
41,17,1,12,0.972963652874665,0,0,1,replayed_pf_result
41,17,1,13,0.988210526779177,0,0,1,replayed_pf_result
41,17,1,14,0.979062079804547,0,0,1,replayed_pf_result
41,17,1,15,0.980245845087061,0,0,1,replayed_pf_result
41,17,1,16,0.996302440927052,0,0,1,replayed_pf_result
41,17,1,17,0.996221217349173,0,0,1,replayed_pf_result
41,17,1,18,0.993841503897707,0,0,1,replayed_pf_result
41,17,1,19,1.03561656169837,0,0,1,replayed_pf_result
41,17,1,20,0.977483465500916,0,0,1,replayed_pf_result
41,17,1,21,0.989484464708937,0,0,1,replayed_pf_result
41,17,1,22,1.00154389271142,0,0,1,replayed_pf_result
41,17,1,23,0.994231807849476,0,0,1,replayed_pf_result
41,17,1,24,0.99970354007194,0,0,1,replayed_pf_result
41,17,1,25,0.998621778897466,0,0,1,replayed_pf_result
41,17,1,26,1.01059150119456,0,0,1,replayed_pf_result
41,17,1,27,0.998065205018312,0,0,1,replayed_pf_result
41,17,1,28,1.01702039246714,0,0,1,replayed_pf_result
41,17,1,29,1.01920392662302,0,0,1,replayed_pf_result
41,17,1,30,1,0,0,1,replayed_pf_result
41,17,1,31,1,0,0,1,replayed_pf_result
41,17,1,32,1,0,0,1,replayed_pf_result
41,17,1,33,1,0,0,1,replayed_pf_result
41,17,1,34,1,0,0,1,replayed_pf_result
41,17,1,35,1,0,0,1,replayed_pf_result
41,17,1,36,1,0,0,1,replayed_pf_result
41,17,1,37,1.0275,0,0,1,replayed_pf_result
41,17,1,38,1,0,0,1,replayed_pf_result
41,17,1,39,1,0,0,1,replayed_pf_result
41,18,1,1,1.00652177052089,0,0,1,replayed_pf_result
41,18,1,2,1.01223573907119,0,0,1,replayed_pf_result
41,18,1,3,0.993661185107539,0,0,1,replayed_pf_result
41,18,1,4,0.966874193093768,0,0,1,replayed_pf_result
41,18,1,5,0.968651360628816,0,0,1,replayed_pf_result
41,18,1,6,0.972331848986142,0,0,1,replayed_pf_result
41,18,1,7,0.959936102550956,0,0,1,replayed_pf_result
41,18,1,8,0.958686365208186,0,0,1,replayed_pf_result
41,18,1,9,1.00048394240388,0,0,1,replayed_pf_result
41,18,1,10,0.994541005398171,0,0,1,replayed_pf_result
41,18,1,11,0.985909294385032,0,0,1,replayed_pf_result
41,18,1,12,0.972963652874665,0,0,1,replayed_pf_result
41,18,1,13,0.988210526779177,0,0,1,replayed_pf_result
41,18,1,14,0.979062079804547,0,0,1,replayed_pf_result
41,18,1,15,0.980245845087061,0,0,1,replayed_pf_result
41,18,1,16,0.996302440927052,0,0,1,replayed_pf_result
41,18,1,17,0.996221217349173,0,0,1,replayed_pf_result
41,18,1,18,0.993841503897707,0,0,1,replayed_pf_result
41,18,1,19,1.03561656169837,0,0,1,replayed_pf_result
41,18,1,20,0.977483465500916,0,0,1,replayed_pf_result
41,18,1,21,0.989484464708937,0,0,1,replayed_pf_result
41,18,1,22,1.00154389271142,0,0,1,replayed_pf_result
41,18,1,23,0.994231807849476,0,0,1,replayed_pf_result
41,18,1,24,0.99970354007194,0,0,1,replayed_pf_result
41,18,1,25,0.998621778897466,0,0,1,replayed_pf_result
41,18,1,26,1.01059150119456,0,0,1,replayed_pf_result
41,18,1,27,0.998065205018312,0,0,1,replayed_pf_result
41,18,1,28,1.01702039246714,0,0,1,replayed_pf_result
41,18,1,29,1.01920392662302,0,0,1,replayed_pf_result
41,18,1,30,1,0,0,1,replayed_pf_result
41,18,1,31,1,0,0,1,replayed_pf_result
41,18,1,32,1,0,0,1,replayed_pf_result
41,18,1,33,1,0,0,1,replayed_pf_result
41,18,1,34,1,0,0,1,replayed_pf_result
41,18,1,35,1,0,0,1,replayed_pf_result
41,18,1,36,1,0,0,1,replayed_pf_result
41,18,1,37,1.0275,0,0,1,replayed_pf_result
41,18,1,38,1,0,0,1,replayed_pf_result
41,18,1,39,1,0,0,1,replayed_pf_result
41,19,1,1,1.00652177052089,0,0,1,replayed_pf_result
41,19,1,2,1.01223573907119,0,0,1,replayed_pf_result
41,19,1,3,0.993661185107539,0,0,1,replayed_pf_result
41,19,1,4,0.966874193093768,0,0,1,replayed_pf_result
41,19,1,5,0.968651360628816,0,0,1,replayed_pf_result
41,19,1,6,0.972331848986142,0,0,1,replayed_pf_result
41,19,1,7,0.959936102550956,0,0,1,replayed_pf_result
41,19,1,8,0.958686365208186,0,0,1,replayed_pf_result
41,19,1,9,1.00048394240388,0,0,1,replayed_pf_result
41,19,1,10,0.994541005398171,0,0,1,replayed_pf_result
41,19,1,11,0.985909294385032,0,0,1,replayed_pf_result
41,19,1,12,0.972963652874665,0,0,1,replayed_pf_result
41,19,1,13,0.988210526779177,0,0,1,replayed_pf_result
41,19,1,14,0.979062079804547,0,0,1,replayed_pf_result
41,19,1,15,0.980245845087061,0,0,1,replayed_pf_result
41,19,1,16,0.996302440927052,0,0,1,replayed_pf_result
41,19,1,17,0.996221217349173,0,0,1,replayed_pf_result
41,19,1,18,0.993841503897707,0,0,1,replayed_pf_result
41,19,1,19,1.03561656169837,0,0,1,replayed_pf_result
41,19,1,20,0.977483465500916,0,0,1,replayed_pf_result
41,19,1,21,0.989484464708937,0,0,1,replayed_pf_result
41,19,1,22,1.00154389271142,0,0,1,replayed_pf_result
41,19,1,23,0.994231807849476,0,0,1,replayed_pf_result
41,19,1,24,0.99970354007194,0,0,1,replayed_pf_result
41,19,1,25,0.998621778897466,0,0,1,replayed_pf_result
41,19,1,26,1.01059150119456,0,0,1,replayed_pf_result
41,19,1,27,0.998065205018312,0,0,1,replayed_pf_result
41,19,1,28,1.01702039246714,0,0,1,replayed_pf_result
41,19,1,29,1.01920392662302,0,0,1,replayed_pf_result
41,19,1,30,1,0,0,1,replayed_pf_result
41,19,1,31,1,0,0,1,replayed_pf_result
41,19,1,32,1,0,0,1,replayed_pf_result
41,19,1,33,1,0,0,1,replayed_pf_result
41,19,1,34,1,0,0,1,replayed_pf_result
41,19,1,35,1,0,0,1,replayed_pf_result
41,19,1,36,1,0,0,1,replayed_pf_result
41,19,1,37,1.0275,0,0,1,replayed_pf_result
41,19,1,38,1,0,0,1,replayed_pf_result
41,19,1,39,1,0,0,1,replayed_pf_result
41,20,1,1,1.00652177052089,0,0,1,replayed_pf_result
41,20,1,2,1.01223573907119,0,0,1,replayed_pf_result
41,20,1,3,0.993661185107539,0,0,1,replayed_pf_result
41,20,1,4,0.966874193093768,0,0,1,replayed_pf_result
41,20,1,5,0.968651360628816,0,0,1,replayed_pf_result
41,20,1,6,0.972331848986142,0,0,1,replayed_pf_result
41,20,1,7,0.959936102550956,0,0,1,replayed_pf_result
41,20,1,8,0.958686365208186,0,0,1,replayed_pf_result
41,20,1,9,1.00048394240388,0,0,1,replayed_pf_result
41,20,1,10,0.994541005398171,0,0,1,replayed_pf_result
41,20,1,11,0.985909294385032,0,0,1,replayed_pf_result
41,20,1,12,0.972963652874665,0,0,1,replayed_pf_result
41,20,1,13,0.988210526779177,0,0,1,replayed_pf_result
41,20,1,14,0.979062079804547,0,0,1,replayed_pf_result
41,20,1,15,0.980245845087061,0,0,1,replayed_pf_result
41,20,1,16,0.996302440927052,0,0,1,replayed_pf_result
41,20,1,17,0.996221217349173,0,0,1,replayed_pf_result
41,20,1,18,0.993841503897707,0,0,1,replayed_pf_result
41,20,1,19,1.03561656169837,0,0,1,replayed_pf_result
41,20,1,20,0.977483465500916,0,0,1,replayed_pf_result
41,20,1,21,0.989484464708937,0,0,1,replayed_pf_result
41,20,1,22,1.00154389271142,0,0,1,replayed_pf_result
41,20,1,23,0.994231807849476,0,0,1,replayed_pf_result
41,20,1,24,0.99970354007194,0,0,1,replayed_pf_result
41,20,1,25,0.998621778897466,0,0,1,replayed_pf_result
41,20,1,26,1.01059150119456,0,0,1,replayed_pf_result
41,20,1,27,0.998065205018312,0,0,1,replayed_pf_result
41,20,1,28,1.01702039246714,0,0,1,replayed_pf_result
41,20,1,29,1.01920392662302,0,0,1,replayed_pf_result
41,20,1,30,1,0,0,1,replayed_pf_result
41,20,1,31,1,0,0,1,replayed_pf_result
41,20,1,32,1,0,0,1,replayed_pf_result
41,20,1,33,1,0,0,1,replayed_pf_result
41,20,1,34,1,0,0,1,replayed_pf_result
41,20,1,35,1,0,0,1,replayed_pf_result
41,20,1,36,1,0,0,1,replayed_pf_result
41,20,1,37,1.0275,0,0,1,replayed_pf_result
41,20,1,38,1,0,0,1,replayed_pf_result
41,20,1,39,1,0,0,1,replayed_pf_result
42,1,1,1,1.00092474991194,0,0,1,replayed_pf_result
42,1,1,2,1.00698167508401,0,0,1,replayed_pf_result
42,1,1,3,0.992061447673829,0,0,1,replayed_pf_result
42,1,1,4,0.981332502452111,0,0,1,replayed_pf_result
42,1,1,5,0.990599386737831,0,0,1,replayed_pf_result
42,1,1,6,0.994925951989198,0,0,1,replayed_pf_result
42,1,1,7,0.982584882896199,0,0,1,replayed_pf_result
42,1,1,8,0.980989574291317,0,0,1,replayed_pf_result
42,1,1,9,1.0125577578725,0,0,1,replayed_pf_result
42,1,1,10,1.00885786745839,0,0,1,replayed_pf_result
42,1,1,11,1.00292524335025,0,0,1,replayed_pf_result
42,1,1,12,0.989031875066368,0,0,1,replayed_pf_result
42,1,1,13,1.00242509550447,0,0,1,replayed_pf_result
42,1,1,14,0.991632285502022,0,0,1,replayed_pf_result
42,1,1,15,0.982617471988229,0,0,1,replayed_pf_result
42,1,1,16,0.993969413587331,0,0,1,replayed_pf_result
42,1,1,17,0.987691994194139,0,0,1,replayed_pf_result
42,1,1,18,0.987931024779749,0,0,1,replayed_pf_result
42,1,1,19,1.03475868389934,0,0,1,replayed_pf_result
42,1,1,20,0.977015074030391,0,0,1,replayed_pf_result
42,1,1,21,0.98783885246,0,0,1,replayed_pf_result
42,1,1,22,1.00066157805229,0,0,1,replayed_pf_result
42,1,1,23,0.993317983264717,0,0,1,replayed_pf_result
42,1,1,24,0.997576662851988,0,0,1,replayed_pf_result
42,1,1,25,1.02962440186701,0,0,1,replayed_pf_result
42,1,1,26,1.04436333471836,0,0,1,replayed_pf_result
42,1,1,27,0.971972828750016,0,0,1,replayed_pf_result
42,1,1,28,1.0344408860548,0,0,1,replayed_pf_result
42,1,1,29,1.03114278586465,0,0,1,replayed_pf_result
42,1,1,30,1,0,0,1,replayed_pf_result
42,1,1,31,1,0,0,1,replayed_pf_result
42,1,1,32,1,0,0,1,replayed_pf_result
42,1,1,33,1,0,0,1,replayed_pf_result
42,1,1,34,1,0,0,1,replayed_pf_result
42,1,1,35,1,0,0,1,replayed_pf_result
42,1,1,36,1,0,0,1,replayed_pf_result
42,1,1,37,1,0,0,1,replayed_pf_result
42,1,1,38,1,0,0,1,replayed_pf_result
42,1,1,39,1,0,0,1,replayed_pf_result
42,2,1,1,1.00092474991194,0,0,1,replayed_pf_result
42,2,1,2,1.00698167508401,0,0,1,replayed_pf_result
42,2,1,3,0.992061447673829,0,0,1,replayed_pf_result
42,2,1,4,0.981332502452111,0,0,1,replayed_pf_result
42,2,1,5,0.990599386737831,0,0,1,replayed_pf_result
42,2,1,6,0.994925951989198,0,0,1,replayed_pf_result
42,2,1,7,0.982584882896199,0,0,1,replayed_pf_result
42,2,1,8,0.980989574291317,0,0,1,replayed_pf_result
42,2,1,9,1.0125577578725,0,0,1,replayed_pf_result
42,2,1,10,1.00885786745839,0,0,1,replayed_pf_result
42,2,1,11,1.00292524335025,0,0,1,replayed_pf_result
42,2,1,12,0.989031875066368,0,0,1,replayed_pf_result
42,2,1,13,1.00242509550447,0,0,1,replayed_pf_result
42,2,1,14,0.991632285502022,0,0,1,replayed_pf_result
42,2,1,15,0.982617471988229,0,0,1,replayed_pf_result
42,2,1,16,0.993969413587331,0,0,1,replayed_pf_result
42,2,1,17,0.987691994194139,0,0,1,replayed_pf_result
42,2,1,18,0.987931024779749,0,0,1,replayed_pf_result
42,2,1,19,1.03475868389934,0,0,1,replayed_pf_result
42,2,1,20,0.977015074030391,0,0,1,replayed_pf_result
42,2,1,21,0.98783885246,0,0,1,replayed_pf_result
42,2,1,22,1.00066157805229,0,0,1,replayed_pf_result
42,2,1,23,0.993317983264717,0,0,1,replayed_pf_result
42,2,1,24,0.997576662851988,0,0,1,replayed_pf_result
42,2,1,25,1.02962440186701,0,0,1,replayed_pf_result
42,2,1,26,1.04436333471836,0,0,1,replayed_pf_result
42,2,1,27,0.971972828750016,0,0,1,replayed_pf_result
42,2,1,28,1.0344408860548,0,0,1,replayed_pf_result
42,2,1,29,1.03114278586465,0,0,1,replayed_pf_result
42,2,1,30,1,0,0,1,replayed_pf_result
42,2,1,31,1,0,0,1,replayed_pf_result
42,2,1,32,1,0,0,1,replayed_pf_result
42,2,1,33,1,0,0,1,replayed_pf_result
42,2,1,34,1,0,0,1,replayed_pf_result
42,2,1,35,1,0,0,1,replayed_pf_result
42,2,1,36,1,0,0,1,replayed_pf_result
42,2,1,37,1,0,0,1,replayed_pf_result
42,2,1,38,1,0,0,1,replayed_pf_result
42,2,1,39,1,0,0,1,replayed_pf_result
42,3,1,1,1.00092474991194,0,0,1,replayed_pf_result
42,3,1,2,1.00698167508401,0,0,1,replayed_pf_result
42,3,1,3,0.992061447673829,0,0,1,replayed_pf_result
42,3,1,4,0.981332502452111,0,0,1,replayed_pf_result
42,3,1,5,0.990599386737831,0,0,1,replayed_pf_result
42,3,1,6,0.994925951989198,0,0,1,replayed_pf_result
42,3,1,7,0.982584882896199,0,0,1,replayed_pf_result
42,3,1,8,0.980989574291317,0,0,1,replayed_pf_result
42,3,1,9,1.0125577578725,0,0,1,replayed_pf_result
42,3,1,10,1.00885786745839,0,0,1,replayed_pf_result
42,3,1,11,1.00292524335025,0,0,1,replayed_pf_result
42,3,1,12,0.989031875066368,0,0,1,replayed_pf_result
42,3,1,13,1.00242509550447,0,0,1,replayed_pf_result
42,3,1,14,0.991632285502022,0,0,1,replayed_pf_result
42,3,1,15,0.982617471988229,0,0,1,replayed_pf_result
42,3,1,16,0.993969413587331,0,0,1,replayed_pf_result
42,3,1,17,0.987691994194139,0,0,1,replayed_pf_result
42,3,1,18,0.987931024779749,0,0,1,replayed_pf_result
42,3,1,19,1.03475868389934,0,0,1,replayed_pf_result
42,3,1,20,0.977015074030391,0,0,1,replayed_pf_result
42,3,1,21,0.98783885246,0,0,1,replayed_pf_result
42,3,1,22,1.00066157805229,0,0,1,replayed_pf_result
42,3,1,23,0.993317983264717,0,0,1,replayed_pf_result
42,3,1,24,0.997576662851988,0,0,1,replayed_pf_result
42,3,1,25,1.02962440186701,0,0,1,replayed_pf_result
42,3,1,26,1.04436333471836,0,0,1,replayed_pf_result
42,3,1,27,0.971972828750016,0,0,1,replayed_pf_result
42,3,1,28,1.0344408860548,0,0,1,replayed_pf_result
42,3,1,29,1.03114278586465,0,0,1,replayed_pf_result
42,3,1,30,1,0,0,1,replayed_pf_result
42,3,1,31,1,0,0,1,replayed_pf_result
42,3,1,32,1,0,0,1,replayed_pf_result
42,3,1,33,1,0,0,1,replayed_pf_result
42,3,1,34,1,0,0,1,replayed_pf_result
42,3,1,35,1,0,0,1,replayed_pf_result
42,3,1,36,1,0,0,1,replayed_pf_result
42,3,1,37,1,0,0,1,replayed_pf_result
42,3,1,38,1,0,0,1,replayed_pf_result
42,3,1,39,1,0,0,1,replayed_pf_result
42,4,1,1,1.00092474991194,0,0,1,replayed_pf_result
42,4,1,2,1.00698167508401,0,0,1,replayed_pf_result
42,4,1,3,0.992061447673829,0,0,1,replayed_pf_result
42,4,1,4,0.981332502452111,0,0,1,replayed_pf_result
42,4,1,5,0.990599386737831,0,0,1,replayed_pf_result
42,4,1,6,0.994925951989198,0,0,1,replayed_pf_result
42,4,1,7,0.982584882896199,0,0,1,replayed_pf_result
42,4,1,8,0.980989574291317,0,0,1,replayed_pf_result
42,4,1,9,1.0125577578725,0,0,1,replayed_pf_result
42,4,1,10,1.00885786745839,0,0,1,replayed_pf_result
42,4,1,11,1.00292524335025,0,0,1,replayed_pf_result
42,4,1,12,0.989031875066368,0,0,1,replayed_pf_result
42,4,1,13,1.00242509550447,0,0,1,replayed_pf_result
42,4,1,14,0.991632285502022,0,0,1,replayed_pf_result
42,4,1,15,0.982617471988229,0,0,1,replayed_pf_result
42,4,1,16,0.993969413587331,0,0,1,replayed_pf_result
42,4,1,17,0.987691994194139,0,0,1,replayed_pf_result
42,4,1,18,0.987931024779749,0,0,1,replayed_pf_result
42,4,1,19,1.03475868389934,0,0,1,replayed_pf_result
42,4,1,20,0.977015074030391,0,0,1,replayed_pf_result
42,4,1,21,0.98783885246,0,0,1,replayed_pf_result
42,4,1,22,1.00066157805229,0,0,1,replayed_pf_result
42,4,1,23,0.993317983264717,0,0,1,replayed_pf_result
42,4,1,24,0.997576662851988,0,0,1,replayed_pf_result
42,4,1,25,1.02962440186701,0,0,1,replayed_pf_result
42,4,1,26,1.04436333471836,0,0,1,replayed_pf_result
42,4,1,27,0.971972828750016,0,0,1,replayed_pf_result
42,4,1,28,1.0344408860548,0,0,1,replayed_pf_result
42,4,1,29,1.03114278586465,0,0,1,replayed_pf_result
42,4,1,30,1,0,0,1,replayed_pf_result
42,4,1,31,1,0,0,1,replayed_pf_result
42,4,1,32,1,0,0,1,replayed_pf_result
42,4,1,33,1,0,0,1,replayed_pf_result
42,4,1,34,1,0,0,1,replayed_pf_result
42,4,1,35,1,0,0,1,replayed_pf_result
42,4,1,36,1,0,0,1,replayed_pf_result
42,4,1,37,1,0,0,1,replayed_pf_result
42,4,1,38,1,0,0,1,replayed_pf_result
42,4,1,39,1,0,0,1,replayed_pf_result
42,5,1,1,1.00092474991194,0,0,1,replayed_pf_result
42,5,1,2,1.00698167508401,0,0,1,replayed_pf_result
42,5,1,3,0.992061447673829,0,0,1,replayed_pf_result
42,5,1,4,0.981332502452111,0,0,1,replayed_pf_result
42,5,1,5,0.990599386737831,0,0,1,replayed_pf_result
42,5,1,6,0.994925951989198,0,0,1,replayed_pf_result
42,5,1,7,0.982584882896199,0,0,1,replayed_pf_result
42,5,1,8,0.980989574291317,0,0,1,replayed_pf_result
42,5,1,9,1.0125577578725,0,0,1,replayed_pf_result
42,5,1,10,1.00885786745839,0,0,1,replayed_pf_result
42,5,1,11,1.00292524335025,0,0,1,replayed_pf_result
42,5,1,12,0.989031875066368,0,0,1,replayed_pf_result
42,5,1,13,1.00242509550447,0,0,1,replayed_pf_result
42,5,1,14,0.991632285502022,0,0,1,replayed_pf_result
42,5,1,15,0.982617471988229,0,0,1,replayed_pf_result
42,5,1,16,0.993969413587331,0,0,1,replayed_pf_result
42,5,1,17,0.987691994194139,0,0,1,replayed_pf_result
42,5,1,18,0.987931024779749,0,0,1,replayed_pf_result
42,5,1,19,1.03475868389934,0,0,1,replayed_pf_result
42,5,1,20,0.977015074030391,0,0,1,replayed_pf_result
42,5,1,21,0.98783885246,0,0,1,replayed_pf_result
42,5,1,22,1.00066157805229,0,0,1,replayed_pf_result
42,5,1,23,0.993317983264717,0,0,1,replayed_pf_result
42,5,1,24,0.997576662851988,0,0,1,replayed_pf_result
42,5,1,25,1.02962440186701,0,0,1,replayed_pf_result
42,5,1,26,1.04436333471836,0,0,1,replayed_pf_result
42,5,1,27,0.971972828750016,0,0,1,replayed_pf_result
42,5,1,28,1.0344408860548,0,0,1,replayed_pf_result
42,5,1,29,1.03114278586465,0,0,1,replayed_pf_result
42,5,1,30,1,0,0,1,replayed_pf_result
42,5,1,31,1,0,0,1,replayed_pf_result
42,5,1,32,1,0,0,1,replayed_pf_result
42,5,1,33,1,0,0,1,replayed_pf_result
42,5,1,34,1,0,0,1,replayed_pf_result
42,5,1,35,1,0,0,1,replayed_pf_result
42,5,1,36,1,0,0,1,replayed_pf_result
42,5,1,37,1,0,0,1,replayed_pf_result
42,5,1,38,1,0,0,1,replayed_pf_result
42,5,1,39,1,0,0,1,replayed_pf_result
42,6,1,1,1.00092474991194,0,0,1,replayed_pf_result
42,6,1,2,1.00698167508401,0,0,1,replayed_pf_result
42,6,1,3,0.992061447673829,0,0,1,replayed_pf_result
42,6,1,4,0.981332502452111,0,0,1,replayed_pf_result
42,6,1,5,0.990599386737831,0,0,1,replayed_pf_result
42,6,1,6,0.994925951989198,0,0,1,replayed_pf_result
42,6,1,7,0.982584882896199,0,0,1,replayed_pf_result
42,6,1,8,0.980989574291317,0,0,1,replayed_pf_result
42,6,1,9,1.0125577578725,0,0,1,replayed_pf_result
42,6,1,10,1.00885786745839,0,0,1,replayed_pf_result
42,6,1,11,1.00292524335025,0,0,1,replayed_pf_result
42,6,1,12,0.989031875066368,0,0,1,replayed_pf_result
42,6,1,13,1.00242509550447,0,0,1,replayed_pf_result
42,6,1,14,0.991632285502022,0,0,1,replayed_pf_result
42,6,1,15,0.982617471988229,0,0,1,replayed_pf_result
42,6,1,16,0.993969413587331,0,0,1,replayed_pf_result
42,6,1,17,0.987691994194139,0,0,1,replayed_pf_result
42,6,1,18,0.987931024779749,0,0,1,replayed_pf_result
42,6,1,19,1.03475868389934,0,0,1,replayed_pf_result
42,6,1,20,0.977015074030391,0,0,1,replayed_pf_result
42,6,1,21,0.98783885246,0,0,1,replayed_pf_result
42,6,1,22,1.00066157805229,0,0,1,replayed_pf_result
42,6,1,23,0.993317983264717,0,0,1,replayed_pf_result
42,6,1,24,0.997576662851988,0,0,1,replayed_pf_result
42,6,1,25,1.02962440186701,0,0,1,replayed_pf_result
42,6,1,26,1.04436333471836,0,0,1,replayed_pf_result
42,6,1,27,0.971972828750016,0,0,1,replayed_pf_result
42,6,1,28,1.0344408860548,0,0,1,replayed_pf_result
42,6,1,29,1.03114278586465,0,0,1,replayed_pf_result
42,6,1,30,1,0,0,1,replayed_pf_result
42,6,1,31,1,0,0,1,replayed_pf_result
42,6,1,32,1,0,0,1,replayed_pf_result
42,6,1,33,1,0,0,1,replayed_pf_result
42,6,1,34,1,0,0,1,replayed_pf_result
42,6,1,35,1,0,0,1,replayed_pf_result
42,6,1,36,1,0,0,1,replayed_pf_result
42,6,1,37,1,0,0,1,replayed_pf_result
42,6,1,38,1,0,0,1,replayed_pf_result
42,6,1,39,1,0,0,1,replayed_pf_result
42,6,2,1,1.00041552435749,0,0,1,replayed_pf_result
42,6,2,2,1.0056513892636,0,0,1,replayed_pf_result
42,6,2,3,0.988679385451389,0,0,1,replayed_pf_result
42,6,2,4,0.978279950739709,0,0,1,replayed_pf_result
42,6,2,5,0.988389690309295,0,0,1,replayed_pf_result
42,6,2,6,0.992849411456785,0,0,1,replayed_pf_result
42,6,2,7,0.980546246918383,0,0,1,replayed_pf_result
42,6,2,8,0.978985055920533,0,0,1,replayed_pf_result
42,6,2,9,1.01172659229548,0,0,1,replayed_pf_result
42,6,2,10,1.00669097204281,0,0,1,replayed_pf_result
42,6,2,11,1.00077270480359,0,0,1,replayed_pf_result
42,6,2,12,0.986600553960789,0,0,1,replayed_pf_result
42,6,2,13,0.999840718270583,0,0,1,replayed_pf_result
42,6,2,14,0.988046284438437,0,0,1,replayed_pf_result
42,6,2,15,0.976061869380397,0,0,1,replayed_pf_result
42,6,2,16,0.986267456088348,0,0,1,replayed_pf_result
42,6,2,17,0.981155826577892,0,0,1,replayed_pf_result
42,6,2,18,0.982578761751681,0,0,1,replayed_pf_result
42,6,2,19,1.03192649084865,0,0,1,replayed_pf_result
42,6,2,20,0.975468672694388,0,0,1,replayed_pf_result
42,6,2,21,0.975204156875947,0,0,1,replayed_pf_result
42,6,2,22,0.991769632960712,0,0,1,replayed_pf_result
42,6,2,23,0.985627476411236,0,0,1,replayed_pf_result
42,6,2,24,0.990845295639648,0,0,1,replayed_pf_result
42,6,2,25,1.02872435122103,0,0,1,replayed_pf_result
42,6,2,26,1.04380677942571,0,0,1,replayed_pf_result
42,6,2,27,0.965273424690986,0,0,1,replayed_pf_result
42,6,2,28,1.03415386899445,0,0,1,replayed_pf_result
42,6,2,29,1.03094608472646,0,0,1,replayed_pf_result
42,6,2,30,1,0,0,1,replayed_pf_result
42,6,2,31,1,0,0,1,replayed_pf_result
42,6,2,32,1,0,0,1,replayed_pf_result
42,6,2,33,1,0,0,1,replayed_pf_result
42,6,2,34,1,0,0,1,replayed_pf_result
42,6,2,35,1,0,0,1,replayed_pf_result
42,6,2,36,1,0,0,1,replayed_pf_result
42,6,2,37,1,0,0,1,replayed_pf_result
42,6,2,38,1,0,0,1,replayed_pf_result
42,6,2,39,1,0,0,1,replayed_pf_result
42,7,1,1,1.00092474991194,0,0,1,replayed_pf_result
42,7,1,2,1.00698167508401,0,0,1,replayed_pf_result
42,7,1,3,0.992061447673829,0,0,1,replayed_pf_result
42,7,1,4,0.981332502452111,0,0,1,replayed_pf_result
42,7,1,5,0.990599386737831,0,0,1,replayed_pf_result
42,7,1,6,0.994925951989198,0,0,1,replayed_pf_result
42,7,1,7,0.982584882896199,0,0,1,replayed_pf_result
42,7,1,8,0.980989574291317,0,0,1,replayed_pf_result
42,7,1,9,1.0125577578725,0,0,1,replayed_pf_result
42,7,1,10,1.00885786745839,0,0,1,replayed_pf_result
42,7,1,11,1.00292524335025,0,0,1,replayed_pf_result
42,7,1,12,0.989031875066368,0,0,1,replayed_pf_result
42,7,1,13,1.00242509550447,0,0,1,replayed_pf_result
42,7,1,14,0.991632285502022,0,0,1,replayed_pf_result
42,7,1,15,0.982617471988229,0,0,1,replayed_pf_result
42,7,1,16,0.993969413587331,0,0,1,replayed_pf_result
42,7,1,17,0.987691994194139,0,0,1,replayed_pf_result
42,7,1,18,0.987931024779749,0,0,1,replayed_pf_result
42,7,1,19,1.03475868389934,0,0,1,replayed_pf_result
42,7,1,20,0.977015074030391,0,0,1,replayed_pf_result
42,7,1,21,0.98783885246,0,0,1,replayed_pf_result
42,7,1,22,1.00066157805229,0,0,1,replayed_pf_result
42,7,1,23,0.993317983264717,0,0,1,replayed_pf_result
42,7,1,24,0.997576662851988,0,0,1,replayed_pf_result
42,7,1,25,1.02962440186701,0,0,1,replayed_pf_result
42,7,1,26,1.04436333471836,0,0,1,replayed_pf_result
42,7,1,27,0.971972828750016,0,0,1,replayed_pf_result
42,7,1,28,1.0344408860548,0,0,1,replayed_pf_result
42,7,1,29,1.03114278586465,0,0,1,replayed_pf_result
42,7,1,30,1,0,0,1,replayed_pf_result
42,7,1,31,1,0,0,1,replayed_pf_result
42,7,1,32,1,0,0,1,replayed_pf_result
42,7,1,33,1,0,0,1,replayed_pf_result
42,7,1,34,1,0,0,1,replayed_pf_result
42,7,1,35,1,0,0,1,replayed_pf_result
42,7,1,36,1,0,0,1,replayed_pf_result
42,7,1,37,1,0,0,1,replayed_pf_result
42,7,1,38,1,0,0,1,replayed_pf_result
42,7,1,39,1,0,0,1,replayed_pf_result
42,8,1,1,1.00092474991194,0,0,1,replayed_pf_result
42,8,1,2,1.00698167508401,0,0,1,replayed_pf_result
42,8,1,3,0.992061447673829,0,0,1,replayed_pf_result
42,8,1,4,0.981332502452111,0,0,1,replayed_pf_result
42,8,1,5,0.990599386737831,0,0,1,replayed_pf_result
42,8,1,6,0.994925951989198,0,0,1,replayed_pf_result
42,8,1,7,0.982584882896199,0,0,1,replayed_pf_result
42,8,1,8,0.980989574291317,0,0,1,replayed_pf_result
42,8,1,9,1.0125577578725,0,0,1,replayed_pf_result
42,8,1,10,1.00885786745839,0,0,1,replayed_pf_result
42,8,1,11,1.00292524335025,0,0,1,replayed_pf_result
42,8,1,12,0.989031875066368,0,0,1,replayed_pf_result
42,8,1,13,1.00242509550447,0,0,1,replayed_pf_result
42,8,1,14,0.991632285502022,0,0,1,replayed_pf_result
42,8,1,15,0.982617471988229,0,0,1,replayed_pf_result
42,8,1,16,0.993969413587331,0,0,1,replayed_pf_result
42,8,1,17,0.987691994194139,0,0,1,replayed_pf_result
42,8,1,18,0.987931024779749,0,0,1,replayed_pf_result
42,8,1,19,1.03475868389934,0,0,1,replayed_pf_result
42,8,1,20,0.977015074030391,0,0,1,replayed_pf_result
42,8,1,21,0.98783885246,0,0,1,replayed_pf_result
42,8,1,22,1.00066157805229,0,0,1,replayed_pf_result
42,8,1,23,0.993317983264717,0,0,1,replayed_pf_result
42,8,1,24,0.997576662851988,0,0,1,replayed_pf_result
42,8,1,25,1.02962440186701,0,0,1,replayed_pf_result
42,8,1,26,1.04436333471836,0,0,1,replayed_pf_result
42,8,1,27,0.971972828750016,0,0,1,replayed_pf_result
42,8,1,28,1.0344408860548,0,0,1,replayed_pf_result
42,8,1,29,1.03114278586465,0,0,1,replayed_pf_result
42,8,1,30,1,0,0,1,replayed_pf_result
42,8,1,31,1,0,0,1,replayed_pf_result
42,8,1,32,1,0,0,1,replayed_pf_result
42,8,1,33,1,0,0,1,replayed_pf_result
42,8,1,34,1,0,0,1,replayed_pf_result
42,8,1,35,1,0,0,1,replayed_pf_result
42,8,1,36,1,0,0,1,replayed_pf_result
42,8,1,37,1,0,0,1,replayed_pf_result
42,8,1,38,1,0,0,1,replayed_pf_result
42,8,1,39,1,0,0,1,replayed_pf_result
42,9,1,1,1.00092474991194,0,0,1,replayed_pf_result
42,9,1,2,1.00698167508401,0,0,1,replayed_pf_result
42,9,1,3,0.992061447673829,0,0,1,replayed_pf_result
42,9,1,4,0.981332502452111,0,0,1,replayed_pf_result
42,9,1,5,0.990599386737831,0,0,1,replayed_pf_result
42,9,1,6,0.994925951989198,0,0,1,replayed_pf_result
42,9,1,7,0.982584882896199,0,0,1,replayed_pf_result
42,9,1,8,0.980989574291317,0,0,1,replayed_pf_result
42,9,1,9,1.0125577578725,0,0,1,replayed_pf_result
42,9,1,10,1.00885786745839,0,0,1,replayed_pf_result
42,9,1,11,1.00292524335025,0,0,1,replayed_pf_result
42,9,1,12,0.989031875066368,0,0,1,replayed_pf_result
42,9,1,13,1.00242509550447,0,0,1,replayed_pf_result
42,9,1,14,0.991632285502022,0,0,1,replayed_pf_result
42,9,1,15,0.982617471988229,0,0,1,replayed_pf_result
42,9,1,16,0.993969413587331,0,0,1,replayed_pf_result
42,9,1,17,0.987691994194139,0,0,1,replayed_pf_result
42,9,1,18,0.987931024779749,0,0,1,replayed_pf_result
42,9,1,19,1.03475868389934,0,0,1,replayed_pf_result
42,9,1,20,0.977015074030391,0,0,1,replayed_pf_result
42,9,1,21,0.98783885246,0,0,1,replayed_pf_result
42,9,1,22,1.00066157805229,0,0,1,replayed_pf_result
42,9,1,23,0.993317983264717,0,0,1,replayed_pf_result
42,9,1,24,0.997576662851988,0,0,1,replayed_pf_result
42,9,1,25,1.02962440186701,0,0,1,replayed_pf_result
42,9,1,26,1.04436333471836,0,0,1,replayed_pf_result
42,9,1,27,0.971972828750016,0,0,1,replayed_pf_result
42,9,1,28,1.0344408860548,0,0,1,replayed_pf_result
42,9,1,29,1.03114278586465,0,0,1,replayed_pf_result
42,9,1,30,1,0,0,1,replayed_pf_result
42,9,1,31,1,0,0,1,replayed_pf_result
42,9,1,32,1,0,0,1,replayed_pf_result
42,9,1,33,1,0,0,1,replayed_pf_result
42,9,1,34,1,0,0,1,replayed_pf_result
42,9,1,35,1,0,0,1,replayed_pf_result
42,9,1,36,1,0,0,1,replayed_pf_result
42,9,1,37,1,0,0,1,replayed_pf_result
42,9,1,38,1,0,0,1,replayed_pf_result
42,9,1,39,1,0,0,1,replayed_pf_result
42,10,1,1,1.00092474991194,0,0,1,replayed_pf_result
42,10,1,2,1.00698167508401,0,0,1,replayed_pf_result
42,10,1,3,0.992061447673829,0,0,1,replayed_pf_result
42,10,1,4,0.981332502452111,0,0,1,replayed_pf_result
42,10,1,5,0.990599386737831,0,0,1,replayed_pf_result
42,10,1,6,0.994925951989198,0,0,1,replayed_pf_result
42,10,1,7,0.982584882896199,0,0,1,replayed_pf_result
42,10,1,8,0.980989574291317,0,0,1,replayed_pf_result
42,10,1,9,1.0125577578725,0,0,1,replayed_pf_result
42,10,1,10,1.00885786745839,0,0,1,replayed_pf_result
42,10,1,11,1.00292524335025,0,0,1,replayed_pf_result
42,10,1,12,0.989031875066368,0,0,1,replayed_pf_result
42,10,1,13,1.00242509550447,0,0,1,replayed_pf_result
42,10,1,14,0.991632285502022,0,0,1,replayed_pf_result
42,10,1,15,0.982617471988229,0,0,1,replayed_pf_result
42,10,1,16,0.993969413587331,0,0,1,replayed_pf_result
42,10,1,17,0.987691994194139,0,0,1,replayed_pf_result
42,10,1,18,0.987931024779749,0,0,1,replayed_pf_result
42,10,1,19,1.03475868389934,0,0,1,replayed_pf_result
42,10,1,20,0.977015074030391,0,0,1,replayed_pf_result
42,10,1,21,0.98783885246,0,0,1,replayed_pf_result
42,10,1,22,1.00066157805229,0,0,1,replayed_pf_result
42,10,1,23,0.993317983264717,0,0,1,replayed_pf_result
42,10,1,24,0.997576662851988,0,0,1,replayed_pf_result
42,10,1,25,1.02962440186701,0,0,1,replayed_pf_result
42,10,1,26,1.04436333471836,0,0,1,replayed_pf_result
42,10,1,27,0.971972828750016,0,0,1,replayed_pf_result
42,10,1,28,1.0344408860548,0,0,1,replayed_pf_result
42,10,1,29,1.03114278586465,0,0,1,replayed_pf_result
42,10,1,30,1,0,0,1,replayed_pf_result
42,10,1,31,1,0,0,1,replayed_pf_result
42,10,1,32,1,0,0,1,replayed_pf_result
42,10,1,33,1,0,0,1,replayed_pf_result
42,10,1,34,1,0,0,1,replayed_pf_result
42,10,1,35,1,0,0,1,replayed_pf_result
42,10,1,36,1,0,0,1,replayed_pf_result
42,10,1,37,1,0,0,1,replayed_pf_result
42,10,1,38,1,0,0,1,replayed_pf_result
42,10,1,39,1,0,0,1,replayed_pf_result
42,10,2,1,0.965414937404429,0,0,1,replayed_pf_result
42,10,2,2,0.99807043816496,0,0,1,replayed_pf_result
42,10,2,3,0.960711668099641,0,0,1,replayed_pf_result
42,10,2,4,0.958910084083736,0,0,1,replayed_pf_result
42,10,2,5,0.975104233098459,0,0,1,replayed_pf_result
42,10,2,6,0.980997298024094,0,0,1,replayed_pf_result
42,10,2,7,0.968643424131538,0,0,1,replayed_pf_result
42,10,2,8,0.966889575963566,0,0,1,replayed_pf_result
42,10,2,9,1.00377803934062,0,0,1,replayed_pf_result
42,10,2,10,0.995975099005679,0,0,1,replayed_pf_result
42,10,2,11,0.989695600787919,0,0,1,replayed_pf_result
42,10,2,12,0.974573636918277,0,0,1,replayed_pf_result
42,10,2,13,0.987569689698595,0,0,1,replayed_pf_result
42,10,2,14,0.973148557396715,0,0,1,replayed_pf_result
42,10,2,15,0.967064615600382,0,0,1,replayed_pf_result
42,10,2,16,0.980422580208731,0,0,1,replayed_pf_result
42,10,2,17,0.968365722217998,0,0,1,replayed_pf_result
42,10,2,18,0.963962670553285,0,0,1,replayed_pf_result
42,10,2,19,1.02977708195384,0,0,1,replayed_pf_result
42,10,2,20,0.974295019326158,0,0,1,replayed_pf_result
42,10,2,21,0.978280704954479,0,0,1,replayed_pf_result
42,10,2,22,0.995536389510168,0,0,1,replayed_pf_result
42,10,2,23,0.988009791563856,0,0,1,replayed_pf_result
42,10,2,24,0.985226668942944,0,0,1,replayed_pf_result
42,10,2,25,1.02359437317053,0,0,1,replayed_pf_result
42,10,2,26,1.04063450970138,0,0,1,replayed_pf_result
42,10,2,27,0.952156816267288,0,0,1,replayed_pf_result
42,10,2,28,1.03251787669969,0,0,1,replayed_pf_result
42,10,2,29,1.02982489068483,0,0,1,replayed_pf_result
42,10,2,30,1,0,0,1,replayed_pf_result
42,10,2,31,1,0,0,1,replayed_pf_result
42,10,2,32,1,0,0,1,replayed_pf_result
42,10,2,33,1,0,0,1,replayed_pf_result
42,10,2,34,1,0,0,1,replayed_pf_result
42,10,2,35,1,0,0,1,replayed_pf_result
42,10,2,36,1,0,0,1,replayed_pf_result
42,10,2,37,1,0,0,1,replayed_pf_result
42,10,2,38,1,0,0,1,replayed_pf_result
42,10,2,39,1,0,0,1,replayed_pf_result
42,10,3,1,0.99698657118726,0,0,1,replayed_pf_result
42,10,3,2,1.0484941,0,0,1,replayed_pf_result
42,10,3,3,0.927101147246185,0,0,1,replayed_pf_result
42,10,3,4,0.915618758468557,0,0,1,replayed_pf_result
42,10,3,5,0.921734966139245,0,0,1,replayed_pf_result
42,10,3,6,0.926877730214656,0,0,1,replayed_pf_result
42,10,3,7,0.913126465030377,0,0,1,replayed_pf_result
42,10,3,8,0.91191727373377,0,0,1,replayed_pf_result
42,10,3,9,0.974529385483929,0,0,1,replayed_pf_result
42,10,3,10,0.959835421712055,0,0,1,replayed_pf_result
42,10,3,11,0.947482206861594,0,0,1,replayed_pf_result
42,10,3,12,0.933968373787611,0,0,1,replayed_pf_result
42,10,3,13,0.950819430418579,0,0,1,replayed_pf_result
42,10,3,14,0.936330686776098,0,0,1,replayed_pf_result
42,10,3,15,0.94289761399318,0,0,1,replayed_pf_result
42,10,3,16,0.962408769824377,0,0,1,replayed_pf_result
42,10,3,17,0.945368514441441,0,0,1,replayed_pf_result
42,10,3,18,0.93682231294733,0,0,1,replayed_pf_result
42,10,3,19,1.02315203522673,0,0,1,replayed_pf_result
42,10,3,20,0.970677191780228,0,0,1,replayed_pf_result
42,10,3,21,0.965563129553961,0,0,1,replayed_pf_result
42,10,3,22,0.988715793830333,0,0,1,replayed_pf_result
42,10,3,23,0.980945743819808,0,0,1,replayed_pf_result
42,10,3,24,0.968803835428692,0,0,1,replayed_pf_result
42,10,3,25,1.0576827,0,0,1,replayed_pf_result
42,10,3,26,1.0525613,0,0,1,replayed_pf_result
42,10,3,27,0.928547587600357,0,0,1,replayed_pf_result
42,10,3,28,1.0503737,0,0,1,replayed_pf_result
42,10,3,29,1.0501149,0,0,1,replayed_pf_result
42,10,3,30,1.0499,0,0,1,replayed_pf_result
42,10,3,31,1,0,0,1,replayed_pf_result
42,10,3,32,1,0,0,1,replayed_pf_result
42,10,3,33,1,0,0,1,replayed_pf_result
42,10,3,34,1,0,0,1,replayed_pf_result
42,10,3,35,0.999999999999999,0,0,1,replayed_pf_result
42,10,3,36,1,0,0,1,replayed_pf_result
42,10,3,37,1.0275,0,0,1,replayed_pf_result
42,10,3,38,1.0265,0,0,1,replayed_pf_result
42,10,3,39,1,0,0,1,replayed_pf_result
42,10,4,1,0.998275277890185,0,0,1,replayed_after_load_shedding
42,10,4,2,1.0484941,0,0,1,replayed_after_load_shedding
42,10,4,3,0.893745258340192,0.00625474165980833,0.36515217114802,1,replayed_after_load_shedding
42,10,4,4,0.869549273026909,0.0304507269730915,1.79941915121483,1,replayed_after_load_shedding
42,10,4,5,0.870966820591973,0.0290331794080267,1.71443067443957,1,replayed_after_load_shedding
42,10,4,6,0.877197442611932,0.0228025573880676,1.3423015183497,1,replayed_after_load_shedding
42,10,4,7,0.858171421864122,0.0418285781358784,2.48595535666755,1,replayed_after_load_shedding
42,10,4,8,0.853388340274672,0.0466116597253284,2.77690535527586,1,replayed_after_load_shedding
42,10,4,9,0.9130366209969,0,0,1,replayed_after_load_shedding
42,10,4,10,0.940102588796394,0,0,1,replayed_after_load_shedding
42,10,4,11,0.915273820142915,0,0,1,replayed_after_load_shedding
42,10,4,12,0.881047174870078,0.0189528251299222,1.11352920532066,1,replayed_after_load_shedding
42,10,4,13,0.87579242034799,0.02420757965201,1.4260153009853,1,replayed_after_load_shedding
42,10,4,14,0.889267469741983,0.0107325302580172,0.627972098516848,1,replayed_after_load_shedding
42,10,4,15,0.917577012284955,0,0,1,replayed_after_load_shedding
42,10,4,16,0.944654869910883,0,0,1,replayed_after_load_shedding
42,10,4,17,0.923731545214274,0,0,1,replayed_after_load_shedding
42,10,4,18,0.910846102651674,0,0,1,replayed_after_load_shedding
42,10,4,19,1.01701313393806,0,0,1,replayed_after_load_shedding
42,10,4,20,0.968553457654447,0,0,1,replayed_after_load_shedding
42,10,4,21,0.954102642627135,0,0,1,replayed_after_load_shedding
42,10,4,22,0.982629145068817,0,0,1,replayed_after_load_shedding
42,10,4,23,0.974814254757462,0,0,1,replayed_after_load_shedding
42,10,4,24,0.952222407459949,0,0,1,replayed_after_load_shedding
42,10,4,25,1.0576827,0,0,1,replayed_after_load_shedding
42,10,4,26,1.0525613,0,0,1,replayed_after_load_shedding
42,10,4,27,0.908484677034473,0,0,1,replayed_after_load_shedding
42,10,4,28,1.0503737,0,0,1,replayed_after_load_shedding
42,10,4,29,1.0501149,0,0,1,replayed_after_load_shedding
42,10,4,30,1.0499,0,0,1,replayed_after_load_shedding
42,10,4,31,0.982,0,0,1,replayed_after_load_shedding
42,10,4,32,1,0,0,1,replayed_after_load_shedding
42,10,4,33,1,0,0,1,replayed_after_load_shedding
42,10,4,34,1,0,0,1,replayed_after_load_shedding
42,10,4,35,1,0,0,1,replayed_after_load_shedding
42,10,4,36,1,0,0,1,replayed_after_load_shedding
42,10,4,37,1.0275,0,0,1,replayed_after_load_shedding
42,10,4,38,1.0265,0,0,1,replayed_after_load_shedding
42,10,4,39,0.999999999999999,0,0,1,replayed_after_load_shedding
42,10,5,1,1.0393836,0,0,1,replayed_pf_result
42,10,5,2,1.0484941,0,0,1,replayed_pf_result
42,10,5,3,0.73367255345493,0.16632744654507,10.5314353331134,1,replayed_pf_result
42,10,5,4,0.707436652385589,0.192563347614412,12.3584674788091,1,replayed_pf_result
42,10,5,5,1.0060063,0,0,1,replayed_pf_result
42,10,5,6,1.0082256,0,0,1,replayed_pf_result
42,10,5,7,0.99839728,0,0,1,replayed_pf_result
42,10,5,8,0.99787232,0,0,1,replayed_pf_result
42,10,5,9,1.038332,0,0,1,replayed_pf_result
42,10,5,10,1.0178431,0,0,1,replayed_pf_result
42,10,5,11,1.0133858,0,0,1,replayed_pf_result
42,10,5,12,1.000815,0,0,1,replayed_pf_result
42,10,5,13,1.014923,0,0,1,replayed_pf_result
42,10,5,14,0.72824529272226,0.17175470727774,10.9054601584517,1,replayed_pf_result
42,10,5,15,0.77279558553573,0.12720441446427,7.89446381377502,1,replayed_pf_result
42,10,5,16,0.817080024204992,0.0829199757950075,5.03147161023614,1,replayed_pf_result
42,10,5,17,0.777979313737622,0.122020686262378,7.5527466020053,1,replayed_pf_result
42,10,5,18,0.756586491165543,0.143413508834457,8.97448691064486,1,replayed_pf_result
42,10,5,19,0.970027537977266,0,0,1,replayed_pf_result
42,10,5,20,0.942926313175023,0,0,1,replayed_pf_result
42,10,5,21,0.837685757027898,0.0623142429721021,3.74192049816592,1,replayed_pf_result
42,10,5,22,0.907517461949148,0,0,1,replayed_pf_result
42,10,5,23,0.901093863136456,0,0,1,replayed_pf_result
42,10,5,24,0.827252235504443,0.0727477644955565,4.39155163302528,1,replayed_pf_result
42,10,5,25,1.0576827,0,0,1,replayed_pf_result
42,10,5,26,1.0525613,0,0,1,replayed_pf_result
42,10,5,27,0.758178494105966,0.141821505894034,8.867633716103,1,replayed_pf_result
42,10,5,28,1.0503737,0,0,1,replayed_pf_result
42,10,5,29,1.0501149,0,0,1,replayed_pf_result
42,10,5,30,1.0499,0,0,1,replayed_pf_result
42,10,5,31,0.982,0,0,1,replayed_pf_result
42,10,5,32,0.9841,0,0,1,replayed_pf_result
42,10,5,33,1,0,0,1,replayed_pf_result
42,10,5,34,0.999999999999999,0,0,1,replayed_pf_result
42,10,5,35,1,0,0,1,replayed_pf_result
42,10,5,36,1,0,0,1,replayed_pf_result
42,10,5,37,1.0275,0,0,1,replayed_pf_result
42,10,5,38,1.0265,0,0,1,replayed_pf_result
42,10,5,39,1.03,0,0,1,replayed_pf_result
42,11,1,1,1.00092474991194,0,0,1,replayed_pf_result
42,11,1,2,1.00698167508401,0,0,1,replayed_pf_result
42,11,1,3,0.992061447673829,0,0,1,replayed_pf_result
42,11,1,4,0.981332502452111,0,0,1,replayed_pf_result
42,11,1,5,0.990599386737831,0,0,1,replayed_pf_result
42,11,1,6,0.994925951989198,0,0,1,replayed_pf_result
42,11,1,7,0.982584882896199,0,0,1,replayed_pf_result
42,11,1,8,0.980989574291317,0,0,1,replayed_pf_result
42,11,1,9,1.0125577578725,0,0,1,replayed_pf_result
42,11,1,10,1.00885786745839,0,0,1,replayed_pf_result
42,11,1,11,1.00292524335025,0,0,1,replayed_pf_result
42,11,1,12,0.989031875066368,0,0,1,replayed_pf_result
42,11,1,13,1.00242509550447,0,0,1,replayed_pf_result
42,11,1,14,0.991632285502022,0,0,1,replayed_pf_result
42,11,1,15,0.982617471988229,0,0,1,replayed_pf_result
42,11,1,16,0.993969413587331,0,0,1,replayed_pf_result
42,11,1,17,0.987691994194139,0,0,1,replayed_pf_result
42,11,1,18,0.987931024779749,0,0,1,replayed_pf_result
42,11,1,19,1.03475868389934,0,0,1,replayed_pf_result
42,11,1,20,0.977015074030391,0,0,1,replayed_pf_result
42,11,1,21,0.98783885246,0,0,1,replayed_pf_result
42,11,1,22,1.00066157805229,0,0,1,replayed_pf_result
42,11,1,23,0.993317983264717,0,0,1,replayed_pf_result
42,11,1,24,0.997576662851988,0,0,1,replayed_pf_result
42,11,1,25,1.02962440186701,0,0,1,replayed_pf_result
42,11,1,26,1.04436333471836,0,0,1,replayed_pf_result
42,11,1,27,0.971972828750016,0,0,1,replayed_pf_result
42,11,1,28,1.0344408860548,0,0,1,replayed_pf_result
42,11,1,29,1.03114278586465,0,0,1,replayed_pf_result
42,11,1,30,1,0,0,1,replayed_pf_result
42,11,1,31,1,0,0,1,replayed_pf_result
42,11,1,32,1,0,0,1,replayed_pf_result
42,11,1,33,1,0,0,1,replayed_pf_result
42,11,1,34,1,0,0,1,replayed_pf_result
42,11,1,35,1,0,0,1,replayed_pf_result
42,11,1,36,1,0,0,1,replayed_pf_result
42,11,1,37,1,0,0,1,replayed_pf_result
42,11,1,38,1,0,0,1,replayed_pf_result
42,11,1,39,1,0,0,1,replayed_pf_result
42,12,1,1,1.00092474991194,0,0,1,replayed_pf_result
42,12,1,2,1.00698167508401,0,0,1,replayed_pf_result
42,12,1,3,0.992061447673829,0,0,1,replayed_pf_result
42,12,1,4,0.981332502452111,0,0,1,replayed_pf_result
42,12,1,5,0.990599386737831,0,0,1,replayed_pf_result
42,12,1,6,0.994925951989198,0,0,1,replayed_pf_result
42,12,1,7,0.982584882896199,0,0,1,replayed_pf_result
42,12,1,8,0.980989574291317,0,0,1,replayed_pf_result
42,12,1,9,1.0125577578725,0,0,1,replayed_pf_result
42,12,1,10,1.00885786745839,0,0,1,replayed_pf_result
42,12,1,11,1.00292524335025,0,0,1,replayed_pf_result
42,12,1,12,0.989031875066368,0,0,1,replayed_pf_result
42,12,1,13,1.00242509550447,0,0,1,replayed_pf_result
42,12,1,14,0.991632285502022,0,0,1,replayed_pf_result
42,12,1,15,0.982617471988229,0,0,1,replayed_pf_result
42,12,1,16,0.993969413587331,0,0,1,replayed_pf_result
42,12,1,17,0.987691994194139,0,0,1,replayed_pf_result
42,12,1,18,0.987931024779749,0,0,1,replayed_pf_result
42,12,1,19,1.03475868389934,0,0,1,replayed_pf_result
42,12,1,20,0.977015074030391,0,0,1,replayed_pf_result
42,12,1,21,0.98783885246,0,0,1,replayed_pf_result
42,12,1,22,1.00066157805229,0,0,1,replayed_pf_result
42,12,1,23,0.993317983264717,0,0,1,replayed_pf_result
42,12,1,24,0.997576662851988,0,0,1,replayed_pf_result
42,12,1,25,1.02962440186701,0,0,1,replayed_pf_result
42,12,1,26,1.04436333471836,0,0,1,replayed_pf_result
42,12,1,27,0.971972828750016,0,0,1,replayed_pf_result
42,12,1,28,1.0344408860548,0,0,1,replayed_pf_result
42,12,1,29,1.03114278586465,0,0,1,replayed_pf_result
42,12,1,30,1,0,0,1,replayed_pf_result
42,12,1,31,1,0,0,1,replayed_pf_result
42,12,1,32,1,0,0,1,replayed_pf_result
42,12,1,33,1,0,0,1,replayed_pf_result
42,12,1,34,1,0,0,1,replayed_pf_result
42,12,1,35,1,0,0,1,replayed_pf_result
42,12,1,36,1,0,0,1,replayed_pf_result
42,12,1,37,1,0,0,1,replayed_pf_result
42,12,1,38,1,0,0,1,replayed_pf_result
42,12,1,39,1,0,0,1,replayed_pf_result
42,12,2,1,0.965414937404429,0,0,1,replayed_pf_result
42,12,2,2,0.99807043816496,0,0,1,replayed_pf_result
42,12,2,3,0.960711668099641,0,0,1,replayed_pf_result
42,12,2,4,0.958910084083736,0,0,1,replayed_pf_result
42,12,2,5,0.975104233098459,0,0,1,replayed_pf_result
42,12,2,6,0.980997298024094,0,0,1,replayed_pf_result
42,12,2,7,0.968643424131538,0,0,1,replayed_pf_result
42,12,2,8,0.966889575963566,0,0,1,replayed_pf_result
42,12,2,9,1.00377803934062,0,0,1,replayed_pf_result
42,12,2,10,0.995975099005679,0,0,1,replayed_pf_result
42,12,2,11,0.989695600787919,0,0,1,replayed_pf_result
42,12,2,12,0.974573636918277,0,0,1,replayed_pf_result
42,12,2,13,0.987569689698595,0,0,1,replayed_pf_result
42,12,2,14,0.973148557396715,0,0,1,replayed_pf_result
42,12,2,15,0.967064615600382,0,0,1,replayed_pf_result
42,12,2,16,0.980422580208731,0,0,1,replayed_pf_result
42,12,2,17,0.968365722217998,0,0,1,replayed_pf_result
42,12,2,18,0.963962670553285,0,0,1,replayed_pf_result
42,12,2,19,1.02977708195384,0,0,1,replayed_pf_result
42,12,2,20,0.974295019326158,0,0,1,replayed_pf_result
42,12,2,21,0.978280704954479,0,0,1,replayed_pf_result
42,12,2,22,0.995536389510168,0,0,1,replayed_pf_result
42,12,2,23,0.988009791563856,0,0,1,replayed_pf_result
42,12,2,24,0.985226668942944,0,0,1,replayed_pf_result
42,12,2,25,1.02359437317053,0,0,1,replayed_pf_result
42,12,2,26,1.04063450970138,0,0,1,replayed_pf_result
42,12,2,27,0.952156816267288,0,0,1,replayed_pf_result
42,12,2,28,1.03251787669969,0,0,1,replayed_pf_result
42,12,2,29,1.02982489068483,0,0,1,replayed_pf_result
42,12,2,30,1,0,0,1,replayed_pf_result
42,12,2,31,1,0,0,1,replayed_pf_result
42,12,2,32,1,0,0,1,replayed_pf_result
42,12,2,33,1,0,0,1,replayed_pf_result
42,12,2,34,1,0,0,1,replayed_pf_result
42,12,2,35,1,0,0,1,replayed_pf_result
42,12,2,36,1,0,0,1,replayed_pf_result
42,12,2,37,1,0,0,1,replayed_pf_result
42,12,2,38,1,0,0,1,replayed_pf_result
42,12,2,39,1,0,0,1,replayed_pf_result
42,12,3,1,0.99698657118726,0,0,1,replayed_pf_result
42,12,3,2,1.0484941,0,0,1,replayed_pf_result
42,12,3,3,0.927101147246185,0,0,1,replayed_pf_result
42,12,3,4,0.915618758468557,0,0,1,replayed_pf_result
42,12,3,5,0.921734966139245,0,0,1,replayed_pf_result
42,12,3,6,0.926877730214656,0,0,1,replayed_pf_result
42,12,3,7,0.913126465030377,0,0,1,replayed_pf_result
42,12,3,8,0.91191727373377,0,0,1,replayed_pf_result
42,12,3,9,0.974529385483929,0,0,1,replayed_pf_result
42,12,3,10,0.959835421712055,0,0,1,replayed_pf_result
42,12,3,11,0.947482206861594,0,0,1,replayed_pf_result
42,12,3,12,0.933968373787611,0,0,1,replayed_pf_result
42,12,3,13,0.950819430418579,0,0,1,replayed_pf_result
42,12,3,14,0.936330686776098,0,0,1,replayed_pf_result
42,12,3,15,0.94289761399318,0,0,1,replayed_pf_result
42,12,3,16,0.962408769824377,0,0,1,replayed_pf_result
42,12,3,17,0.945368514441441,0,0,1,replayed_pf_result
42,12,3,18,0.93682231294733,0,0,1,replayed_pf_result
42,12,3,19,1.02315203522673,0,0,1,replayed_pf_result
42,12,3,20,0.970677191780228,0,0,1,replayed_pf_result
42,12,3,21,0.965563129553961,0,0,1,replayed_pf_result
42,12,3,22,0.988715793830333,0,0,1,replayed_pf_result
42,12,3,23,0.980945743819808,0,0,1,replayed_pf_result
42,12,3,24,0.968803835428692,0,0,1,replayed_pf_result
42,12,3,25,1.0576827,0,0,1,replayed_pf_result
42,12,3,26,1.0525613,0,0,1,replayed_pf_result
42,12,3,27,0.928547587600357,0,0,1,replayed_pf_result
42,12,3,28,1.0503737,0,0,1,replayed_pf_result
42,12,3,29,1.0501149,0,0,1,replayed_pf_result
42,12,3,30,1.0499,0,0,1,replayed_pf_result
42,12,3,31,1,0,0,1,replayed_pf_result
42,12,3,32,1,0,0,1,replayed_pf_result
42,12,3,33,1,0,0,1,replayed_pf_result
42,12,3,34,1,0,0,1,replayed_pf_result
42,12,3,35,0.999999999999999,0,0,1,replayed_pf_result
42,12,3,36,1,0,0,1,replayed_pf_result
42,12,3,37,1.0275,0,0,1,replayed_pf_result
42,12,3,38,1.0265,0,0,1,replayed_pf_result
42,12,3,39,1,0,0,1,replayed_pf_result
42,12,4,1,0.998916114381731,0,0,1,replayed_after_load_shedding
42,12,4,2,1.0484941,0,0,1,replayed_after_load_shedding
42,12,4,3,0.892021103894234,0.00797889610576619,0.466210617696801,1,replayed_after_load_shedding
42,12,4,4,0.867795339053664,0.0322046609463356,1.90474242341001,1,replayed_after_load_shedding
42,12,4,5,0.902269622013331,0,0,1,replayed_after_load_shedding
42,12,4,6,0.903379515294644,0,0,1,replayed_after_load_shedding
42,12,4,7,0.897261214378344,0.00273878562165597,0.159609411903976,1,replayed_after_load_shedding
42,12,4,8,0.89859794618746,0.00140205381254033,0.0816534939879636,1,replayed_after_load_shedding
42,12,4,9,0.974539082941881,0,0,1,replayed_after_load_shedding
42,12,4,10,0.886054987207903,0.0139450127920973,0.817252315434938,1,replayed_after_load_shedding
42,12,4,11,0.889864560316823,0.0101354396831769,0.59285834573937,1,replayed_after_load_shedding
42,12,4,12,0.872288158688824,0.0277118413111762,1.63531881071848,1,replayed_after_load_shedding
42,12,4,13,0.882870034976508,0.0171299650234925,1.00551166551487,1,replayed_after_load_shedding
42,12,4,14,0.882087596718499,0.0179124032815006,1.05185262748984,1,replayed_after_load_shedding
42,12,4,15,0.914397819903829,0,0,1,replayed_after_load_shedding
42,12,4,16,0.942296922769599,0,0,1,replayed_after_load_shedding
42,12,4,17,0.92126858556424,0,0,1,replayed_after_load_shedding
42,12,4,18,0.908473459145443,0,0,1,replayed_after_load_shedding
42,12,4,19,1.01628664656679,0,0,1,replayed_after_load_shedding
42,12,4,20,0.968749896034847,0,0,1,replayed_after_load_shedding
42,12,4,21,0.952968568207203,0,0,1,replayed_after_load_shedding
42,12,4,22,0.982049748359133,0,0,1,replayed_after_load_shedding
42,12,4,23,0.974299846619729,0,0,1,replayed_after_load_shedding
42,12,4,24,0.949867822387119,0,0,1,replayed_after_load_shedding
42,12,4,25,1.0576827,0,0,1,replayed_after_load_shedding
42,12,4,26,1.0525613,0,0,1,replayed_after_load_shedding
42,12,4,27,0.907037188706447,0,0,1,replayed_after_load_shedding
42,12,4,28,1.0503737,0,0,1,replayed_after_load_shedding
42,12,4,29,1.0501149,0,0,1,replayed_after_load_shedding
42,12,4,30,1.0499,0,0,1,replayed_after_load_shedding
42,12,4,31,1,0,0,1,replayed_after_load_shedding
42,12,4,32,0.9841,0,0,1,replayed_after_load_shedding
42,12,4,33,1,0,0,1,replayed_after_load_shedding
42,12,4,34,1,0,0,1,replayed_after_load_shedding
42,12,4,35,0.999999999999999,0,0,1,replayed_after_load_shedding
42,12,4,36,1,0,0,1,replayed_after_load_shedding
42,12,4,37,1.0275,0,0,1,replayed_after_load_shedding
42,12,4,38,1.0265,0,0,1,replayed_after_load_shedding
42,12,4,39,1,0,0,1,replayed_after_load_shedding
42,12,5,1,1.0393836,0,0,1,replayed_pf_result
42,12,5,2,1.0484941,0,0,1,replayed_pf_result
42,12,5,3,0.77151855868539,0.12848144131461,7.97891915852265,1,replayed_pf_result
42,12,5,4,0.742622615203916,0.157377384796084,9.91905012086307,1,replayed_pf_result
42,12,5,5,1.0060063,0,0,1,replayed_pf_result
42,12,5,6,1.0082256,0,0,1,replayed_pf_result
42,12,5,7,0.99839728,0,0,1,replayed_pf_result
42,12,5,8,0.99787232,0,0,1,replayed_pf_result
42,12,5,9,1.038332,0,0,1,replayed_pf_result
42,12,5,10,0.74702084435093,0.15297915564907,9.6201150483753,1,replayed_pf_result
42,12,5,11,0.745078427461154,0.154921572538846,9.75197348138014,1,replayed_pf_result
42,12,5,12,0.728708896501945,0.171291103498055,10.8734311107712,1,replayed_pf_result
42,12,5,13,0.748729094253882,0.151270905746118,9.50436421629624,1,replayed_pf_result
42,12,5,14,0.757497488580491,0.142502511419509,8.91332111388857,1,replayed_pf_result
42,12,5,15,0.806640985931618,0.0933590140683815,5.69498021714525,1,replayed_pf_result
42,12,5,16,0.849538810758068,0.0504611892419315,3.01208115318049,1,replayed_pf_result
42,12,5,17,0.814894543200711,0.0851054567992886,5.1698088112441,1,replayed_pf_result
42,12,5,18,0.794705212927994,0.105294787072006,6.46215771534707,1,replayed_pf_result
42,12,5,19,0.982113231134432,0,0,1,replayed_pf_result
42,12,5,20,0.950128529538795,0,0,1,replayed_pf_result
42,12,5,21,0.869994918512327,0.0300050814876726,1.77268767581326,1,replayed_pf_result
42,12,5,22,0.929179114881414,0,0,1,replayed_pf_result
42,12,5,23,0.922177606534182,0,0,1,replayed_pf_result
42,12,5,24,0.859441575513656,0.0405584244863436,2.40892675701555,1,replayed_pf_result
42,12,5,25,1.0576827,0,0,1,replayed_pf_result
42,12,5,26,1.0525613,0,0,1,replayed_pf_result
42,12,5,27,0.797711040513797,0.102288959486203,6.26809322775174,1,replayed_pf_result
42,12,5,28,1.0503737,0,0,1,replayed_pf_result
42,12,5,29,1.0501149,0,0,1,replayed_pf_result
42,12,5,30,1.0499,0,0,1,replayed_pf_result
42,12,5,31,0.982,0,0,1,replayed_pf_result
42,12,5,32,0.9841,0,0,1,replayed_pf_result
42,12,5,33,1,0,0,1,replayed_pf_result
42,12,5,34,1,0,0,1,replayed_pf_result
42,12,5,35,1,0,0,1,replayed_pf_result
42,12,5,36,1,0,0,1,replayed_pf_result
42,12,5,37,1.0275,0,0,1,replayed_pf_result
42,12,5,38,1.0265,0,0,1,replayed_pf_result
42,12,5,39,1.03,0,0,1,replayed_pf_result
42,13,1,1,1.00092474991194,0,0,1,replayed_pf_result
42,13,1,2,1.00698167508401,0,0,1,replayed_pf_result
42,13,1,3,0.992061447673829,0,0,1,replayed_pf_result
42,13,1,4,0.981332502452111,0,0,1,replayed_pf_result
42,13,1,5,0.990599386737831,0,0,1,replayed_pf_result
42,13,1,6,0.994925951989198,0,0,1,replayed_pf_result
42,13,1,7,0.982584882896199,0,0,1,replayed_pf_result
42,13,1,8,0.980989574291317,0,0,1,replayed_pf_result
42,13,1,9,1.0125577578725,0,0,1,replayed_pf_result
42,13,1,10,1.00885786745839,0,0,1,replayed_pf_result
42,13,1,11,1.00292524335025,0,0,1,replayed_pf_result
42,13,1,12,0.989031875066368,0,0,1,replayed_pf_result
42,13,1,13,1.00242509550447,0,0,1,replayed_pf_result
42,13,1,14,0.991632285502022,0,0,1,replayed_pf_result
42,13,1,15,0.982617471988229,0,0,1,replayed_pf_result
42,13,1,16,0.993969413587331,0,0,1,replayed_pf_result
42,13,1,17,0.987691994194139,0,0,1,replayed_pf_result
42,13,1,18,0.987931024779749,0,0,1,replayed_pf_result
42,13,1,19,1.03475868389934,0,0,1,replayed_pf_result
42,13,1,20,0.977015074030391,0,0,1,replayed_pf_result
42,13,1,21,0.98783885246,0,0,1,replayed_pf_result
42,13,1,22,1.00066157805229,0,0,1,replayed_pf_result
42,13,1,23,0.993317983264717,0,0,1,replayed_pf_result
42,13,1,24,0.997576662851988,0,0,1,replayed_pf_result
42,13,1,25,1.02962440186701,0,0,1,replayed_pf_result
42,13,1,26,1.04436333471836,0,0,1,replayed_pf_result
42,13,1,27,0.971972828750016,0,0,1,replayed_pf_result
42,13,1,28,1.0344408860548,0,0,1,replayed_pf_result
42,13,1,29,1.03114278586465,0,0,1,replayed_pf_result
42,13,1,30,1,0,0,1,replayed_pf_result
42,13,1,31,1,0,0,1,replayed_pf_result
42,13,1,32,1,0,0,1,replayed_pf_result
42,13,1,33,1,0,0,1,replayed_pf_result
42,13,1,34,1,0,0,1,replayed_pf_result
42,13,1,35,1,0,0,1,replayed_pf_result
42,13,1,36,1,0,0,1,replayed_pf_result
42,13,1,37,1,0,0,1,replayed_pf_result
42,13,1,38,1,0,0,1,replayed_pf_result
42,13,1,39,1,0,0,1,replayed_pf_result
42,14,1,1,1.00092474991194,0,0,1,replayed_pf_result
42,14,1,2,1.00698167508401,0,0,1,replayed_pf_result
42,14,1,3,0.992061447673829,0,0,1,replayed_pf_result
42,14,1,4,0.981332502452111,0,0,1,replayed_pf_result
42,14,1,5,0.990599386737831,0,0,1,replayed_pf_result
42,14,1,6,0.994925951989198,0,0,1,replayed_pf_result
42,14,1,7,0.982584882896199,0,0,1,replayed_pf_result
42,14,1,8,0.980989574291317,0,0,1,replayed_pf_result
42,14,1,9,1.0125577578725,0,0,1,replayed_pf_result
42,14,1,10,1.00885786745839,0,0,1,replayed_pf_result
42,14,1,11,1.00292524335025,0,0,1,replayed_pf_result
42,14,1,12,0.989031875066368,0,0,1,replayed_pf_result
42,14,1,13,1.00242509550447,0,0,1,replayed_pf_result
42,14,1,14,0.991632285502022,0,0,1,replayed_pf_result
42,14,1,15,0.982617471988229,0,0,1,replayed_pf_result
42,14,1,16,0.993969413587331,0,0,1,replayed_pf_result
42,14,1,17,0.987691994194139,0,0,1,replayed_pf_result
42,14,1,18,0.987931024779749,0,0,1,replayed_pf_result
42,14,1,19,1.03475868389934,0,0,1,replayed_pf_result
42,14,1,20,0.977015074030391,0,0,1,replayed_pf_result
42,14,1,21,0.98783885246,0,0,1,replayed_pf_result
42,14,1,22,1.00066157805229,0,0,1,replayed_pf_result
42,14,1,23,0.993317983264717,0,0,1,replayed_pf_result
42,14,1,24,0.997576662851988,0,0,1,replayed_pf_result
42,14,1,25,1.02962440186701,0,0,1,replayed_pf_result
42,14,1,26,1.04436333471836,0,0,1,replayed_pf_result
42,14,1,27,0.971972828750016,0,0,1,replayed_pf_result
42,14,1,28,1.0344408860548,0,0,1,replayed_pf_result
42,14,1,29,1.03114278586465,0,0,1,replayed_pf_result
42,14,1,30,1,0,0,1,replayed_pf_result
42,14,1,31,1,0,0,1,replayed_pf_result
42,14,1,32,1,0,0,1,replayed_pf_result
42,14,1,33,1,0,0,1,replayed_pf_result
42,14,1,34,1,0,0,1,replayed_pf_result
42,14,1,35,1,0,0,1,replayed_pf_result
42,14,1,36,1,0,0,1,replayed_pf_result
42,14,1,37,1,0,0,1,replayed_pf_result
42,14,1,38,1,0,0,1,replayed_pf_result
42,14,1,39,1,0,0,1,replayed_pf_result
42,15,1,1,1.00092474991194,0,0,1,replayed_pf_result
42,15,1,2,1.00698167508401,0,0,1,replayed_pf_result
42,15,1,3,0.992061447673829,0,0,1,replayed_pf_result
42,15,1,4,0.981332502452111,0,0,1,replayed_pf_result
42,15,1,5,0.990599386737831,0,0,1,replayed_pf_result
42,15,1,6,0.994925951989198,0,0,1,replayed_pf_result
42,15,1,7,0.982584882896199,0,0,1,replayed_pf_result
42,15,1,8,0.980989574291317,0,0,1,replayed_pf_result
42,15,1,9,1.0125577578725,0,0,1,replayed_pf_result
42,15,1,10,1.00885786745839,0,0,1,replayed_pf_result
42,15,1,11,1.00292524335025,0,0,1,replayed_pf_result
42,15,1,12,0.989031875066368,0,0,1,replayed_pf_result
42,15,1,13,1.00242509550447,0,0,1,replayed_pf_result
42,15,1,14,0.991632285502022,0,0,1,replayed_pf_result
42,15,1,15,0.982617471988229,0,0,1,replayed_pf_result
42,15,1,16,0.993969413587331,0,0,1,replayed_pf_result
42,15,1,17,0.987691994194139,0,0,1,replayed_pf_result
42,15,1,18,0.987931024779749,0,0,1,replayed_pf_result
42,15,1,19,1.03475868389934,0,0,1,replayed_pf_result
42,15,1,20,0.977015074030391,0,0,1,replayed_pf_result
42,15,1,21,0.98783885246,0,0,1,replayed_pf_result
42,15,1,22,1.00066157805229,0,0,1,replayed_pf_result
42,15,1,23,0.993317983264717,0,0,1,replayed_pf_result
42,15,1,24,0.997576662851988,0,0,1,replayed_pf_result
42,15,1,25,1.02962440186701,0,0,1,replayed_pf_result
42,15,1,26,1.04436333471836,0,0,1,replayed_pf_result
42,15,1,27,0.971972828750016,0,0,1,replayed_pf_result
42,15,1,28,1.0344408860548,0,0,1,replayed_pf_result
42,15,1,29,1.03114278586465,0,0,1,replayed_pf_result
42,15,1,30,1,0,0,1,replayed_pf_result
42,15,1,31,1,0,0,1,replayed_pf_result
42,15,1,32,1,0,0,1,replayed_pf_result
42,15,1,33,1,0,0,1,replayed_pf_result
42,15,1,34,1,0,0,1,replayed_pf_result
42,15,1,35,1,0,0,1,replayed_pf_result
42,15,1,36,1,0,0,1,replayed_pf_result
42,15,1,37,1,0,0,1,replayed_pf_result
42,15,1,38,1,0,0,1,replayed_pf_result
42,15,1,39,1,0,0,1,replayed_pf_result
42,16,1,1,1.00092474991194,0,0,1,replayed_pf_result
42,16,1,2,1.00698167508401,0,0,1,replayed_pf_result
42,16,1,3,0.992061447673829,0,0,1,replayed_pf_result
42,16,1,4,0.981332502452111,0,0,1,replayed_pf_result
42,16,1,5,0.990599386737831,0,0,1,replayed_pf_result
42,16,1,6,0.994925951989198,0,0,1,replayed_pf_result
42,16,1,7,0.982584882896199,0,0,1,replayed_pf_result
42,16,1,8,0.980989574291317,0,0,1,replayed_pf_result
42,16,1,9,1.0125577578725,0,0,1,replayed_pf_result
42,16,1,10,1.00885786745839,0,0,1,replayed_pf_result
42,16,1,11,1.00292524335025,0,0,1,replayed_pf_result
42,16,1,12,0.989031875066368,0,0,1,replayed_pf_result
42,16,1,13,1.00242509550447,0,0,1,replayed_pf_result
42,16,1,14,0.991632285502022,0,0,1,replayed_pf_result
42,16,1,15,0.982617471988229,0,0,1,replayed_pf_result
42,16,1,16,0.993969413587331,0,0,1,replayed_pf_result
42,16,1,17,0.987691994194139,0,0,1,replayed_pf_result
42,16,1,18,0.987931024779749,0,0,1,replayed_pf_result
42,16,1,19,1.03475868389934,0,0,1,replayed_pf_result
42,16,1,20,0.977015074030391,0,0,1,replayed_pf_result
42,16,1,21,0.98783885246,0,0,1,replayed_pf_result
42,16,1,22,1.00066157805229,0,0,1,replayed_pf_result
42,16,1,23,0.993317983264717,0,0,1,replayed_pf_result
42,16,1,24,0.997576662851988,0,0,1,replayed_pf_result
42,16,1,25,1.02962440186701,0,0,1,replayed_pf_result
42,16,1,26,1.04436333471836,0,0,1,replayed_pf_result
42,16,1,27,0.971972828750016,0,0,1,replayed_pf_result
42,16,1,28,1.0344408860548,0,0,1,replayed_pf_result
42,16,1,29,1.03114278586465,0,0,1,replayed_pf_result
42,16,1,30,1,0,0,1,replayed_pf_result
42,16,1,31,1,0,0,1,replayed_pf_result
42,16,1,32,1,0,0,1,replayed_pf_result
42,16,1,33,1,0,0,1,replayed_pf_result
42,16,1,34,1,0,0,1,replayed_pf_result
42,16,1,35,1,0,0,1,replayed_pf_result
42,16,1,36,1,0,0,1,replayed_pf_result
42,16,1,37,1,0,0,1,replayed_pf_result
42,16,1,38,1,0,0,1,replayed_pf_result
42,16,1,39,1,0,0,1,replayed_pf_result
42,17,1,1,1.00092474991194,0,0,1,replayed_pf_result
42,17,1,2,1.00698167508401,0,0,1,replayed_pf_result
42,17,1,3,0.992061447673829,0,0,1,replayed_pf_result
42,17,1,4,0.981332502452111,0,0,1,replayed_pf_result
42,17,1,5,0.990599386737831,0,0,1,replayed_pf_result
42,17,1,6,0.994925951989198,0,0,1,replayed_pf_result
42,17,1,7,0.982584882896199,0,0,1,replayed_pf_result
42,17,1,8,0.980989574291317,0,0,1,replayed_pf_result
42,17,1,9,1.0125577578725,0,0,1,replayed_pf_result
42,17,1,10,1.00885786745839,0,0,1,replayed_pf_result
42,17,1,11,1.00292524335025,0,0,1,replayed_pf_result
42,17,1,12,0.989031875066368,0,0,1,replayed_pf_result
42,17,1,13,1.00242509550447,0,0,1,replayed_pf_result
42,17,1,14,0.991632285502022,0,0,1,replayed_pf_result
42,17,1,15,0.982617471988229,0,0,1,replayed_pf_result
42,17,1,16,0.993969413587331,0,0,1,replayed_pf_result
42,17,1,17,0.987691994194139,0,0,1,replayed_pf_result
42,17,1,18,0.987931024779749,0,0,1,replayed_pf_result
42,17,1,19,1.03475868389934,0,0,1,replayed_pf_result
42,17,1,20,0.977015074030391,0,0,1,replayed_pf_result
42,17,1,21,0.98783885246,0,0,1,replayed_pf_result
42,17,1,22,1.00066157805229,0,0,1,replayed_pf_result
42,17,1,23,0.993317983264717,0,0,1,replayed_pf_result
42,17,1,24,0.997576662851988,0,0,1,replayed_pf_result
42,17,1,25,1.02962440186701,0,0,1,replayed_pf_result
42,17,1,26,1.04436333471836,0,0,1,replayed_pf_result
42,17,1,27,0.971972828750016,0,0,1,replayed_pf_result
42,17,1,28,1.0344408860548,0,0,1,replayed_pf_result
42,17,1,29,1.03114278586465,0,0,1,replayed_pf_result
42,17,1,30,1,0,0,1,replayed_pf_result
42,17,1,31,1,0,0,1,replayed_pf_result
42,17,1,32,1,0,0,1,replayed_pf_result
42,17,1,33,1,0,0,1,replayed_pf_result
42,17,1,34,1,0,0,1,replayed_pf_result
42,17,1,35,1,0,0,1,replayed_pf_result
42,17,1,36,1,0,0,1,replayed_pf_result
42,17,1,37,1,0,0,1,replayed_pf_result
42,17,1,38,1,0,0,1,replayed_pf_result
42,17,1,39,1,0,0,1,replayed_pf_result
42,18,1,1,1.00092474991194,0,0,1,replayed_pf_result
42,18,1,2,1.00698167508401,0,0,1,replayed_pf_result
42,18,1,3,0.992061447673829,0,0,1,replayed_pf_result
42,18,1,4,0.981332502452111,0,0,1,replayed_pf_result
42,18,1,5,0.990599386737831,0,0,1,replayed_pf_result
42,18,1,6,0.994925951989198,0,0,1,replayed_pf_result
42,18,1,7,0.982584882896199,0,0,1,replayed_pf_result
42,18,1,8,0.980989574291317,0,0,1,replayed_pf_result
42,18,1,9,1.0125577578725,0,0,1,replayed_pf_result
42,18,1,10,1.00885786745839,0,0,1,replayed_pf_result
42,18,1,11,1.00292524335025,0,0,1,replayed_pf_result
42,18,1,12,0.989031875066368,0,0,1,replayed_pf_result
42,18,1,13,1.00242509550447,0,0,1,replayed_pf_result
42,18,1,14,0.991632285502022,0,0,1,replayed_pf_result
42,18,1,15,0.982617471988229,0,0,1,replayed_pf_result
42,18,1,16,0.993969413587331,0,0,1,replayed_pf_result
42,18,1,17,0.987691994194139,0,0,1,replayed_pf_result
42,18,1,18,0.987931024779749,0,0,1,replayed_pf_result
42,18,1,19,1.03475868389934,0,0,1,replayed_pf_result
42,18,1,20,0.977015074030391,0,0,1,replayed_pf_result
42,18,1,21,0.98783885246,0,0,1,replayed_pf_result
42,18,1,22,1.00066157805229,0,0,1,replayed_pf_result
42,18,1,23,0.993317983264717,0,0,1,replayed_pf_result
42,18,1,24,0.997576662851988,0,0,1,replayed_pf_result
42,18,1,25,1.02962440186701,0,0,1,replayed_pf_result
42,18,1,26,1.04436333471836,0,0,1,replayed_pf_result
42,18,1,27,0.971972828750016,0,0,1,replayed_pf_result
42,18,1,28,1.0344408860548,0,0,1,replayed_pf_result
42,18,1,29,1.03114278586465,0,0,1,replayed_pf_result
42,18,1,30,1,0,0,1,replayed_pf_result
42,18,1,31,1,0,0,1,replayed_pf_result
42,18,1,32,1,0,0,1,replayed_pf_result
42,18,1,33,1,0,0,1,replayed_pf_result
42,18,1,34,1,0,0,1,replayed_pf_result
42,18,1,35,1,0,0,1,replayed_pf_result
42,18,1,36,1,0,0,1,replayed_pf_result
42,18,1,37,1,0,0,1,replayed_pf_result
42,18,1,38,1,0,0,1,replayed_pf_result
42,18,1,39,1,0,0,1,replayed_pf_result
42,19,1,1,1.00092474991194,0,0,1,replayed_pf_result
42,19,1,2,1.00698167508401,0,0,1,replayed_pf_result
42,19,1,3,0.992061447673829,0,0,1,replayed_pf_result
42,19,1,4,0.981332502452111,0,0,1,replayed_pf_result
42,19,1,5,0.990599386737831,0,0,1,replayed_pf_result
42,19,1,6,0.994925951989198,0,0,1,replayed_pf_result
42,19,1,7,0.982584882896199,0,0,1,replayed_pf_result
42,19,1,8,0.980989574291317,0,0,1,replayed_pf_result
42,19,1,9,1.0125577578725,0,0,1,replayed_pf_result
42,19,1,10,1.00885786745839,0,0,1,replayed_pf_result
42,19,1,11,1.00292524335025,0,0,1,replayed_pf_result
42,19,1,12,0.989031875066368,0,0,1,replayed_pf_result
42,19,1,13,1.00242509550447,0,0,1,replayed_pf_result
42,19,1,14,0.991632285502022,0,0,1,replayed_pf_result
42,19,1,15,0.982617471988229,0,0,1,replayed_pf_result
42,19,1,16,0.993969413587331,0,0,1,replayed_pf_result
42,19,1,17,0.987691994194139,0,0,1,replayed_pf_result
42,19,1,18,0.987931024779749,0,0,1,replayed_pf_result
42,19,1,19,1.03475868389934,0,0,1,replayed_pf_result
42,19,1,20,0.977015074030391,0,0,1,replayed_pf_result
42,19,1,21,0.98783885246,0,0,1,replayed_pf_result
42,19,1,22,1.00066157805229,0,0,1,replayed_pf_result
42,19,1,23,0.993317983264717,0,0,1,replayed_pf_result
42,19,1,24,0.997576662851988,0,0,1,replayed_pf_result
42,19,1,25,1.02962440186701,0,0,1,replayed_pf_result
42,19,1,26,1.04436333471836,0,0,1,replayed_pf_result
42,19,1,27,0.971972828750016,0,0,1,replayed_pf_result
42,19,1,28,1.0344408860548,0,0,1,replayed_pf_result
42,19,1,29,1.03114278586465,0,0,1,replayed_pf_result
42,19,1,30,1,0,0,1,replayed_pf_result
42,19,1,31,1,0,0,1,replayed_pf_result
42,19,1,32,1,0,0,1,replayed_pf_result
42,19,1,33,1,0,0,1,replayed_pf_result
42,19,1,34,1,0,0,1,replayed_pf_result
42,19,1,35,1,0,0,1,replayed_pf_result
42,19,1,36,1,0,0,1,replayed_pf_result
42,19,1,37,1,0,0,1,replayed_pf_result
42,19,1,38,1,0,0,1,replayed_pf_result
42,19,1,39,1,0,0,1,replayed_pf_result
42,20,1,1,1.00092474991194,0,0,1,replayed_pf_result
42,20,1,2,1.00698167508401,0,0,1,replayed_pf_result
42,20,1,3,0.992061447673829,0,0,1,replayed_pf_result
42,20,1,4,0.981332502452111,0,0,1,replayed_pf_result
42,20,1,5,0.990599386737831,0,0,1,replayed_pf_result
42,20,1,6,0.994925951989198,0,0,1,replayed_pf_result
42,20,1,7,0.982584882896199,0,0,1,replayed_pf_result
42,20,1,8,0.980989574291317,0,0,1,replayed_pf_result
42,20,1,9,1.0125577578725,0,0,1,replayed_pf_result
42,20,1,10,1.00885786745839,0,0,1,replayed_pf_result
42,20,1,11,1.00292524335025,0,0,1,replayed_pf_result
42,20,1,12,0.989031875066368,0,0,1,replayed_pf_result
42,20,1,13,1.00242509550447,0,0,1,replayed_pf_result
42,20,1,14,0.991632285502022,0,0,1,replayed_pf_result
42,20,1,15,0.982617471988229,0,0,1,replayed_pf_result
42,20,1,16,0.993969413587331,0,0,1,replayed_pf_result
42,20,1,17,0.987691994194139,0,0,1,replayed_pf_result
42,20,1,18,0.987931024779749,0,0,1,replayed_pf_result
42,20,1,19,1.03475868389934,0,0,1,replayed_pf_result
42,20,1,20,0.977015074030391,0,0,1,replayed_pf_result
42,20,1,21,0.98783885246,0,0,1,replayed_pf_result
42,20,1,22,1.00066157805229,0,0,1,replayed_pf_result
42,20,1,23,0.993317983264717,0,0,1,replayed_pf_result
42,20,1,24,0.997576662851988,0,0,1,replayed_pf_result
42,20,1,25,1.02962440186701,0,0,1,replayed_pf_result
42,20,1,26,1.04436333471836,0,0,1,replayed_pf_result
42,20,1,27,0.971972828750016,0,0,1,replayed_pf_result
42,20,1,28,1.0344408860548,0,0,1,replayed_pf_result
42,20,1,29,1.03114278586465,0,0,1,replayed_pf_result
42,20,1,30,1,0,0,1,replayed_pf_result
42,20,1,31,1,0,0,1,replayed_pf_result
42,20,1,32,1,0,0,1,replayed_pf_result
42,20,1,33,1,0,0,1,replayed_pf_result
42,20,1,34,1,0,0,1,replayed_pf_result
42,20,1,35,1,0,0,1,replayed_pf_result
42,20,1,36,1,0,0,1,replayed_pf_result
42,20,1,37,1,0,0,1,replayed_pf_result
42,20,1,38,1,0,0,1,replayed_pf_result
42,20,1,39,1,0,0,1,replayed_pf_result
43,1,1,1,1.00320332199684,0,0,1,replayed_pf_result
43,1,1,2,1.01091478205,0,0,1,replayed_pf_result
43,1,1,3,1.00035727481246,0,0,1,replayed_pf_result
43,1,1,4,0.986484030872423,0,0,1,replayed_pf_result
43,1,1,5,0.993853353400323,0,0,1,replayed_pf_result
43,1,1,6,0.997916331121158,0,0,1,replayed_pf_result
43,1,1,7,0.985394073462224,0,0,1,replayed_pf_result
43,1,1,8,0.983706939465513,0,0,1,replayed_pf_result
43,1,1,9,1.01331690315334,0,0,1,replayed_pf_result
43,1,1,10,1.01195997394452,0,0,1,replayed_pf_result
43,1,1,11,1.00599719433963,0,0,1,replayed_pf_result
43,1,1,12,0.992512136893119,0,0,1,replayed_pf_result
43,1,1,13,1.00613132811836,0,0,1,replayed_pf_result
43,1,1,14,0.996699889688576,0,0,1,replayed_pf_result
43,1,1,15,0.990243116864918,0,0,1,replayed_pf_result
43,1,1,16,1.00255721110521,0,0,1,replayed_pf_result
43,1,1,17,1.00227182274339,0,0,1,replayed_pf_result
43,1,1,18,1.00016790738534,0,0,1,replayed_pf_result
43,1,1,19,1.03791643175561,0,0,1,replayed_pf_result
43,1,1,20,0.978739129308008,0,0,1,replayed_pf_result
43,1,1,21,0.993895606674634,0,0,1,replayed_pf_result
43,1,1,22,1.00390886294006,0,0,1,replayed_pf_result
43,1,1,23,0.996681245404376,0,0,1,replayed_pf_result
43,1,1,24,1.00540558531004,0,0,1,replayed_pf_result
43,1,1,25,1.01947620600055,0,0,1,replayed_pf_result
43,1,1,26,1.01216296777372,0,0,1,replayed_pf_result
43,1,1,27,1.0016036399951,0,0,1,replayed_pf_result
43,1,1,28,1.01037220424365,0,0,1,replayed_pf_result
43,1,1,29,1.01591232466976,0,0,1,replayed_pf_result
43,1,1,30,1,0,0,1,replayed_pf_result
43,1,1,31,1,0,0,1,replayed_pf_result
43,1,1,32,1,0,0,1,replayed_pf_result
43,1,1,33,1,0,0,1,replayed_pf_result
43,1,1,34,1,0,0,1,replayed_pf_result
43,1,1,35,1,0,0,1,replayed_pf_result
43,1,1,36,1,0,0,1,replayed_pf_result
43,1,1,37,1,0,0,1,replayed_pf_result
43,1,1,38,1,0,0,1,replayed_pf_result
43,1,1,39,1,0,0,1,replayed_pf_result
43,2,1,1,1.00320332199684,0,0,1,replayed_pf_result
43,2,1,2,1.01091478205,0,0,1,replayed_pf_result
43,2,1,3,1.00035727481246,0,0,1,replayed_pf_result
43,2,1,4,0.986484030872423,0,0,1,replayed_pf_result
43,2,1,5,0.993853353400323,0,0,1,replayed_pf_result
43,2,1,6,0.997916331121158,0,0,1,replayed_pf_result
43,2,1,7,0.985394073462224,0,0,1,replayed_pf_result
43,2,1,8,0.983706939465513,0,0,1,replayed_pf_result
43,2,1,9,1.01331690315334,0,0,1,replayed_pf_result
43,2,1,10,1.01195997394452,0,0,1,replayed_pf_result
43,2,1,11,1.00599719433963,0,0,1,replayed_pf_result
43,2,1,12,0.992512136893119,0,0,1,replayed_pf_result
43,2,1,13,1.00613132811836,0,0,1,replayed_pf_result
43,2,1,14,0.996699889688576,0,0,1,replayed_pf_result
43,2,1,15,0.990243116864918,0,0,1,replayed_pf_result
43,2,1,16,1.00255721110521,0,0,1,replayed_pf_result
43,2,1,17,1.00227182274339,0,0,1,replayed_pf_result
43,2,1,18,1.00016790738534,0,0,1,replayed_pf_result
43,2,1,19,1.03791643175561,0,0,1,replayed_pf_result
43,2,1,20,0.978739129308008,0,0,1,replayed_pf_result
43,2,1,21,0.993895606674634,0,0,1,replayed_pf_result
43,2,1,22,1.00390886294006,0,0,1,replayed_pf_result
43,2,1,23,0.996681245404376,0,0,1,replayed_pf_result
43,2,1,24,1.00540558531004,0,0,1,replayed_pf_result
43,2,1,25,1.01947620600055,0,0,1,replayed_pf_result
43,2,1,26,1.01216296777372,0,0,1,replayed_pf_result
43,2,1,27,1.0016036399951,0,0,1,replayed_pf_result
43,2,1,28,1.01037220424365,0,0,1,replayed_pf_result
43,2,1,29,1.01591232466976,0,0,1,replayed_pf_result
43,2,1,30,1,0,0,1,replayed_pf_result
43,2,1,31,1,0,0,1,replayed_pf_result
43,2,1,32,1,0,0,1,replayed_pf_result
43,2,1,33,1,0,0,1,replayed_pf_result
43,2,1,34,1,0,0,1,replayed_pf_result
43,2,1,35,1,0,0,1,replayed_pf_result
43,2,1,36,1,0,0,1,replayed_pf_result
43,2,1,37,1,0,0,1,replayed_pf_result
43,2,1,38,1,0,0,1,replayed_pf_result
43,2,1,39,1,0,0,1,replayed_pf_result
43,3,1,1,1.00320332199684,0,0,1,replayed_pf_result
43,3,1,2,1.01091478205,0,0,1,replayed_pf_result
43,3,1,3,1.00035727481246,0,0,1,replayed_pf_result
43,3,1,4,0.986484030872423,0,0,1,replayed_pf_result
43,3,1,5,0.993853353400323,0,0,1,replayed_pf_result
43,3,1,6,0.997916331121158,0,0,1,replayed_pf_result
43,3,1,7,0.985394073462224,0,0,1,replayed_pf_result
43,3,1,8,0.983706939465513,0,0,1,replayed_pf_result
43,3,1,9,1.01331690315334,0,0,1,replayed_pf_result
43,3,1,10,1.01195997394452,0,0,1,replayed_pf_result
43,3,1,11,1.00599719433963,0,0,1,replayed_pf_result
43,3,1,12,0.992512136893119,0,0,1,replayed_pf_result
43,3,1,13,1.00613132811836,0,0,1,replayed_pf_result
43,3,1,14,0.996699889688576,0,0,1,replayed_pf_result
43,3,1,15,0.990243116864918,0,0,1,replayed_pf_result
43,3,1,16,1.00255721110521,0,0,1,replayed_pf_result
43,3,1,17,1.00227182274339,0,0,1,replayed_pf_result
43,3,1,18,1.00016790738534,0,0,1,replayed_pf_result
43,3,1,19,1.03791643175561,0,0,1,replayed_pf_result
43,3,1,20,0.978739129308008,0,0,1,replayed_pf_result
43,3,1,21,0.993895606674634,0,0,1,replayed_pf_result
43,3,1,22,1.00390886294006,0,0,1,replayed_pf_result
43,3,1,23,0.996681245404376,0,0,1,replayed_pf_result
43,3,1,24,1.00540558531004,0,0,1,replayed_pf_result
43,3,1,25,1.01947620600055,0,0,1,replayed_pf_result
43,3,1,26,1.01216296777372,0,0,1,replayed_pf_result
43,3,1,27,1.0016036399951,0,0,1,replayed_pf_result
43,3,1,28,1.01037220424365,0,0,1,replayed_pf_result
43,3,1,29,1.01591232466976,0,0,1,replayed_pf_result
43,3,1,30,1,0,0,1,replayed_pf_result
43,3,1,31,1,0,0,1,replayed_pf_result
43,3,1,32,1,0,0,1,replayed_pf_result
43,3,1,33,1,0,0,1,replayed_pf_result
43,3,1,34,1,0,0,1,replayed_pf_result
43,3,1,35,1,0,0,1,replayed_pf_result
43,3,1,36,1,0,0,1,replayed_pf_result
43,3,1,37,1,0,0,1,replayed_pf_result
43,3,1,38,1,0,0,1,replayed_pf_result
43,3,1,39,1,0,0,1,replayed_pf_result
43,4,1,1,1.00320332199684,0,0,1,replayed_pf_result
43,4,1,2,1.01091478205,0,0,1,replayed_pf_result
43,4,1,3,1.00035727481246,0,0,1,replayed_pf_result
43,4,1,4,0.986484030872423,0,0,1,replayed_pf_result
43,4,1,5,0.993853353400323,0,0,1,replayed_pf_result
43,4,1,6,0.997916331121158,0,0,1,replayed_pf_result
43,4,1,7,0.985394073462224,0,0,1,replayed_pf_result
43,4,1,8,0.983706939465513,0,0,1,replayed_pf_result
43,4,1,9,1.01331690315334,0,0,1,replayed_pf_result
43,4,1,10,1.01195997394452,0,0,1,replayed_pf_result
43,4,1,11,1.00599719433963,0,0,1,replayed_pf_result
43,4,1,12,0.992512136893119,0,0,1,replayed_pf_result
43,4,1,13,1.00613132811836,0,0,1,replayed_pf_result
43,4,1,14,0.996699889688576,0,0,1,replayed_pf_result
43,4,1,15,0.990243116864918,0,0,1,replayed_pf_result
43,4,1,16,1.00255721110521,0,0,1,replayed_pf_result
43,4,1,17,1.00227182274339,0,0,1,replayed_pf_result
43,4,1,18,1.00016790738534,0,0,1,replayed_pf_result
43,4,1,19,1.03791643175561,0,0,1,replayed_pf_result
43,4,1,20,0.978739129308008,0,0,1,replayed_pf_result
43,4,1,21,0.993895606674634,0,0,1,replayed_pf_result
43,4,1,22,1.00390886294006,0,0,1,replayed_pf_result
43,4,1,23,0.996681245404376,0,0,1,replayed_pf_result
43,4,1,24,1.00540558531004,0,0,1,replayed_pf_result
43,4,1,25,1.01947620600055,0,0,1,replayed_pf_result
43,4,1,26,1.01216296777372,0,0,1,replayed_pf_result
43,4,1,27,1.0016036399951,0,0,1,replayed_pf_result
43,4,1,28,1.01037220424365,0,0,1,replayed_pf_result
43,4,1,29,1.01591232466976,0,0,1,replayed_pf_result
43,4,1,30,1,0,0,1,replayed_pf_result
43,4,1,31,1,0,0,1,replayed_pf_result
43,4,1,32,1,0,0,1,replayed_pf_result
43,4,1,33,1,0,0,1,replayed_pf_result
43,4,1,34,1,0,0,1,replayed_pf_result
43,4,1,35,1,0,0,1,replayed_pf_result
43,4,1,36,1,0,0,1,replayed_pf_result
43,4,1,37,1,0,0,1,replayed_pf_result
43,4,1,38,1,0,0,1,replayed_pf_result
43,4,1,39,1,0,0,1,replayed_pf_result
43,5,1,1,1.00320332199684,0,0,1,replayed_pf_result
43,5,1,2,1.01091478205,0,0,1,replayed_pf_result
43,5,1,3,1.00035727481246,0,0,1,replayed_pf_result
43,5,1,4,0.986484030872423,0,0,1,replayed_pf_result
43,5,1,5,0.993853353400323,0,0,1,replayed_pf_result
43,5,1,6,0.997916331121158,0,0,1,replayed_pf_result
43,5,1,7,0.985394073462224,0,0,1,replayed_pf_result
43,5,1,8,0.983706939465513,0,0,1,replayed_pf_result
43,5,1,9,1.01331690315334,0,0,1,replayed_pf_result
43,5,1,10,1.01195997394452,0,0,1,replayed_pf_result
43,5,1,11,1.00599719433963,0,0,1,replayed_pf_result
43,5,1,12,0.992512136893119,0,0,1,replayed_pf_result
43,5,1,13,1.00613132811836,0,0,1,replayed_pf_result
43,5,1,14,0.996699889688576,0,0,1,replayed_pf_result
43,5,1,15,0.990243116864918,0,0,1,replayed_pf_result
43,5,1,16,1.00255721110521,0,0,1,replayed_pf_result
43,5,1,17,1.00227182274339,0,0,1,replayed_pf_result
43,5,1,18,1.00016790738534,0,0,1,replayed_pf_result
43,5,1,19,1.03791643175561,0,0,1,replayed_pf_result
43,5,1,20,0.978739129308008,0,0,1,replayed_pf_result
43,5,1,21,0.993895606674634,0,0,1,replayed_pf_result
43,5,1,22,1.00390886294006,0,0,1,replayed_pf_result
43,5,1,23,0.996681245404376,0,0,1,replayed_pf_result
43,5,1,24,1.00540558531004,0,0,1,replayed_pf_result
43,5,1,25,1.01947620600055,0,0,1,replayed_pf_result
43,5,1,26,1.01216296777372,0,0,1,replayed_pf_result
43,5,1,27,1.0016036399951,0,0,1,replayed_pf_result
43,5,1,28,1.01037220424365,0,0,1,replayed_pf_result
43,5,1,29,1.01591232466976,0,0,1,replayed_pf_result
43,5,1,30,1,0,0,1,replayed_pf_result
43,5,1,31,1,0,0,1,replayed_pf_result
43,5,1,32,1,0,0,1,replayed_pf_result
43,5,1,33,1,0,0,1,replayed_pf_result
43,5,1,34,1,0,0,1,replayed_pf_result
43,5,1,35,1,0,0,1,replayed_pf_result
43,5,1,36,1,0,0,1,replayed_pf_result
43,5,1,37,1,0,0,1,replayed_pf_result
43,5,1,38,1,0,0,1,replayed_pf_result
43,5,1,39,1,0,0,1,replayed_pf_result
43,6,1,1,1.00320332199684,0,0,1,replayed_pf_result
43,6,1,2,1.01091478205,0,0,1,replayed_pf_result
43,6,1,3,1.00035727481246,0,0,1,replayed_pf_result
43,6,1,4,0.986484030872423,0,0,1,replayed_pf_result
43,6,1,5,0.993853353400323,0,0,1,replayed_pf_result
43,6,1,6,0.997916331121158,0,0,1,replayed_pf_result
43,6,1,7,0.985394073462224,0,0,1,replayed_pf_result
43,6,1,8,0.983706939465513,0,0,1,replayed_pf_result
43,6,1,9,1.01331690315334,0,0,1,replayed_pf_result
43,6,1,10,1.01195997394452,0,0,1,replayed_pf_result
43,6,1,11,1.00599719433963,0,0,1,replayed_pf_result
43,6,1,12,0.992512136893119,0,0,1,replayed_pf_result
43,6,1,13,1.00613132811836,0,0,1,replayed_pf_result
43,6,1,14,0.996699889688576,0,0,1,replayed_pf_result
43,6,1,15,0.990243116864918,0,0,1,replayed_pf_result
43,6,1,16,1.00255721110521,0,0,1,replayed_pf_result
43,6,1,17,1.00227182274339,0,0,1,replayed_pf_result
43,6,1,18,1.00016790738534,0,0,1,replayed_pf_result
43,6,1,19,1.03791643175561,0,0,1,replayed_pf_result
43,6,1,20,0.978739129308008,0,0,1,replayed_pf_result
43,6,1,21,0.993895606674634,0,0,1,replayed_pf_result
43,6,1,22,1.00390886294006,0,0,1,replayed_pf_result
43,6,1,23,0.996681245404376,0,0,1,replayed_pf_result
43,6,1,24,1.00540558531004,0,0,1,replayed_pf_result
43,6,1,25,1.01947620600055,0,0,1,replayed_pf_result
43,6,1,26,1.01216296777372,0,0,1,replayed_pf_result
43,6,1,27,1.0016036399951,0,0,1,replayed_pf_result
43,6,1,28,1.01037220424365,0,0,1,replayed_pf_result
43,6,1,29,1.01591232466976,0,0,1,replayed_pf_result
43,6,1,30,1,0,0,1,replayed_pf_result
43,6,1,31,1,0,0,1,replayed_pf_result
43,6,1,32,1,0,0,1,replayed_pf_result
43,6,1,33,1,0,0,1,replayed_pf_result
43,6,1,34,1,0,0,1,replayed_pf_result
43,6,1,35,1,0,0,1,replayed_pf_result
43,6,1,36,1,0,0,1,replayed_pf_result
43,6,1,37,1,0,0,1,replayed_pf_result
43,6,1,38,1,0,0,1,replayed_pf_result
43,6,1,39,1,0,0,1,replayed_pf_result
43,7,1,1,1.00320332199684,0,0,1,replayed_pf_result
43,7,1,2,1.01091478205,0,0,1,replayed_pf_result
43,7,1,3,1.00035727481246,0,0,1,replayed_pf_result
43,7,1,4,0.986484030872423,0,0,1,replayed_pf_result
43,7,1,5,0.993853353400323,0,0,1,replayed_pf_result
43,7,1,6,0.997916331121158,0,0,1,replayed_pf_result
43,7,1,7,0.985394073462224,0,0,1,replayed_pf_result
43,7,1,8,0.983706939465513,0,0,1,replayed_pf_result
43,7,1,9,1.01331690315334,0,0,1,replayed_pf_result
43,7,1,10,1.01195997394452,0,0,1,replayed_pf_result
43,7,1,11,1.00599719433963,0,0,1,replayed_pf_result
43,7,1,12,0.992512136893119,0,0,1,replayed_pf_result
43,7,1,13,1.00613132811836,0,0,1,replayed_pf_result
43,7,1,14,0.996699889688576,0,0,1,replayed_pf_result
43,7,1,15,0.990243116864918,0,0,1,replayed_pf_result
43,7,1,16,1.00255721110521,0,0,1,replayed_pf_result
43,7,1,17,1.00227182274339,0,0,1,replayed_pf_result
43,7,1,18,1.00016790738534,0,0,1,replayed_pf_result
43,7,1,19,1.03791643175561,0,0,1,replayed_pf_result
43,7,1,20,0.978739129308008,0,0,1,replayed_pf_result
43,7,1,21,0.993895606674634,0,0,1,replayed_pf_result
43,7,1,22,1.00390886294006,0,0,1,replayed_pf_result
43,7,1,23,0.996681245404376,0,0,1,replayed_pf_result
43,7,1,24,1.00540558531004,0,0,1,replayed_pf_result
43,7,1,25,1.01947620600055,0,0,1,replayed_pf_result
43,7,1,26,1.01216296777372,0,0,1,replayed_pf_result
43,7,1,27,1.0016036399951,0,0,1,replayed_pf_result
43,7,1,28,1.01037220424365,0,0,1,replayed_pf_result
43,7,1,29,1.01591232466976,0,0,1,replayed_pf_result
43,7,1,30,1,0,0,1,replayed_pf_result
43,7,1,31,1,0,0,1,replayed_pf_result
43,7,1,32,1,0,0,1,replayed_pf_result
43,7,1,33,1,0,0,1,replayed_pf_result
43,7,1,34,1,0,0,1,replayed_pf_result
43,7,1,35,1,0,0,1,replayed_pf_result
43,7,1,36,1,0,0,1,replayed_pf_result
43,7,1,37,1,0,0,1,replayed_pf_result
43,7,1,38,1,0,0,1,replayed_pf_result
43,7,1,39,1,0,0,1,replayed_pf_result
43,8,1,1,1.00320332199684,0,0,1,replayed_pf_result
43,8,1,2,1.01091478205,0,0,1,replayed_pf_result
43,8,1,3,1.00035727481246,0,0,1,replayed_pf_result
43,8,1,4,0.986484030872423,0,0,1,replayed_pf_result
43,8,1,5,0.993853353400323,0,0,1,replayed_pf_result
43,8,1,6,0.997916331121158,0,0,1,replayed_pf_result
43,8,1,7,0.985394073462224,0,0,1,replayed_pf_result
43,8,1,8,0.983706939465513,0,0,1,replayed_pf_result
43,8,1,9,1.01331690315334,0,0,1,replayed_pf_result
43,8,1,10,1.01195997394452,0,0,1,replayed_pf_result
43,8,1,11,1.00599719433963,0,0,1,replayed_pf_result
43,8,1,12,0.992512136893119,0,0,1,replayed_pf_result
43,8,1,13,1.00613132811836,0,0,1,replayed_pf_result
43,8,1,14,0.996699889688576,0,0,1,replayed_pf_result
43,8,1,15,0.990243116864918,0,0,1,replayed_pf_result
43,8,1,16,1.00255721110521,0,0,1,replayed_pf_result
43,8,1,17,1.00227182274339,0,0,1,replayed_pf_result
43,8,1,18,1.00016790738534,0,0,1,replayed_pf_result
43,8,1,19,1.03791643175561,0,0,1,replayed_pf_result
43,8,1,20,0.978739129308008,0,0,1,replayed_pf_result
43,8,1,21,0.993895606674634,0,0,1,replayed_pf_result
43,8,1,22,1.00390886294006,0,0,1,replayed_pf_result
43,8,1,23,0.996681245404376,0,0,1,replayed_pf_result
43,8,1,24,1.00540558531004,0,0,1,replayed_pf_result
43,8,1,25,1.01947620600055,0,0,1,replayed_pf_result
43,8,1,26,1.01216296777372,0,0,1,replayed_pf_result
43,8,1,27,1.0016036399951,0,0,1,replayed_pf_result
43,8,1,28,1.01037220424365,0,0,1,replayed_pf_result
43,8,1,29,1.01591232466976,0,0,1,replayed_pf_result
43,8,1,30,1,0,0,1,replayed_pf_result
43,8,1,31,1,0,0,1,replayed_pf_result
43,8,1,32,1,0,0,1,replayed_pf_result
43,8,1,33,1,0,0,1,replayed_pf_result
43,8,1,34,1,0,0,1,replayed_pf_result
43,8,1,35,1,0,0,1,replayed_pf_result
43,8,1,36,1,0,0,1,replayed_pf_result
43,8,1,37,1,0,0,1,replayed_pf_result
43,8,1,38,1,0,0,1,replayed_pf_result
43,8,1,39,1,0,0,1,replayed_pf_result
43,9,1,1,1.00320332199684,0,0,1,replayed_pf_result
43,9,1,2,1.01091478205,0,0,1,replayed_pf_result
43,9,1,3,1.00035727481246,0,0,1,replayed_pf_result
43,9,1,4,0.986484030872423,0,0,1,replayed_pf_result
43,9,1,5,0.993853353400323,0,0,1,replayed_pf_result
43,9,1,6,0.997916331121158,0,0,1,replayed_pf_result
43,9,1,7,0.985394073462224,0,0,1,replayed_pf_result
43,9,1,8,0.983706939465513,0,0,1,replayed_pf_result
43,9,1,9,1.01331690315334,0,0,1,replayed_pf_result
43,9,1,10,1.01195997394452,0,0,1,replayed_pf_result
43,9,1,11,1.00599719433963,0,0,1,replayed_pf_result
43,9,1,12,0.992512136893119,0,0,1,replayed_pf_result
43,9,1,13,1.00613132811836,0,0,1,replayed_pf_result
43,9,1,14,0.996699889688576,0,0,1,replayed_pf_result
43,9,1,15,0.990243116864918,0,0,1,replayed_pf_result
43,9,1,16,1.00255721110521,0,0,1,replayed_pf_result
43,9,1,17,1.00227182274339,0,0,1,replayed_pf_result
43,9,1,18,1.00016790738534,0,0,1,replayed_pf_result
43,9,1,19,1.03791643175561,0,0,1,replayed_pf_result
43,9,1,20,0.978739129308008,0,0,1,replayed_pf_result
43,9,1,21,0.993895606674634,0,0,1,replayed_pf_result
43,9,1,22,1.00390886294006,0,0,1,replayed_pf_result
43,9,1,23,0.996681245404376,0,0,1,replayed_pf_result
43,9,1,24,1.00540558531004,0,0,1,replayed_pf_result
43,9,1,25,1.01947620600055,0,0,1,replayed_pf_result
43,9,1,26,1.01216296777372,0,0,1,replayed_pf_result
43,9,1,27,1.0016036399951,0,0,1,replayed_pf_result
43,9,1,28,1.01037220424365,0,0,1,replayed_pf_result
43,9,1,29,1.01591232466976,0,0,1,replayed_pf_result
43,9,1,30,1,0,0,1,replayed_pf_result
43,9,1,31,1,0,0,1,replayed_pf_result
43,9,1,32,1,0,0,1,replayed_pf_result
43,9,1,33,1,0,0,1,replayed_pf_result
43,9,1,34,1,0,0,1,replayed_pf_result
43,9,1,35,1,0,0,1,replayed_pf_result
43,9,1,36,1,0,0,1,replayed_pf_result
43,9,1,37,1,0,0,1,replayed_pf_result
43,9,1,38,1,0,0,1,replayed_pf_result
43,9,1,39,1,0,0,1,replayed_pf_result
43,10,1,1,1.00320332199684,0,0,1,replayed_pf_result
43,10,1,2,1.01091478205,0,0,1,replayed_pf_result
43,10,1,3,1.00035727481246,0,0,1,replayed_pf_result
43,10,1,4,0.986484030872423,0,0,1,replayed_pf_result
43,10,1,5,0.993853353400323,0,0,1,replayed_pf_result
43,10,1,6,0.997916331121158,0,0,1,replayed_pf_result
43,10,1,7,0.985394073462224,0,0,1,replayed_pf_result
43,10,1,8,0.983706939465513,0,0,1,replayed_pf_result
43,10,1,9,1.01331690315334,0,0,1,replayed_pf_result
43,10,1,10,1.01195997394452,0,0,1,replayed_pf_result
43,10,1,11,1.00599719433963,0,0,1,replayed_pf_result
43,10,1,12,0.992512136893119,0,0,1,replayed_pf_result
43,10,1,13,1.00613132811836,0,0,1,replayed_pf_result
43,10,1,14,0.996699889688576,0,0,1,replayed_pf_result
43,10,1,15,0.990243116864918,0,0,1,replayed_pf_result
43,10,1,16,1.00255721110521,0,0,1,replayed_pf_result
43,10,1,17,1.00227182274339,0,0,1,replayed_pf_result
43,10,1,18,1.00016790738534,0,0,1,replayed_pf_result
43,10,1,19,1.03791643175561,0,0,1,replayed_pf_result
43,10,1,20,0.978739129308008,0,0,1,replayed_pf_result
43,10,1,21,0.993895606674634,0,0,1,replayed_pf_result
43,10,1,22,1.00390886294006,0,0,1,replayed_pf_result
43,10,1,23,0.996681245404376,0,0,1,replayed_pf_result
43,10,1,24,1.00540558531004,0,0,1,replayed_pf_result
43,10,1,25,1.01947620600055,0,0,1,replayed_pf_result
43,10,1,26,1.01216296777372,0,0,1,replayed_pf_result
43,10,1,27,1.0016036399951,0,0,1,replayed_pf_result
43,10,1,28,1.01037220424365,0,0,1,replayed_pf_result
43,10,1,29,1.01591232466976,0,0,1,replayed_pf_result
43,10,1,30,1,0,0,1,replayed_pf_result
43,10,1,31,1,0,0,1,replayed_pf_result
43,10,1,32,1,0,0,1,replayed_pf_result
43,10,1,33,1,0,0,1,replayed_pf_result
43,10,1,34,1,0,0,1,replayed_pf_result
43,10,1,35,1,0,0,1,replayed_pf_result
43,10,1,36,1,0,0,1,replayed_pf_result
43,10,1,37,1,0,0,1,replayed_pf_result
43,10,1,38,1,0,0,1,replayed_pf_result
43,10,1,39,1,0,0,1,replayed_pf_result
43,11,1,1,1.00320332199684,0,0,1,replayed_pf_result
43,11,1,2,1.01091478205,0,0,1,replayed_pf_result
43,11,1,3,1.00035727481246,0,0,1,replayed_pf_result
43,11,1,4,0.986484030872423,0,0,1,replayed_pf_result
43,11,1,5,0.993853353400323,0,0,1,replayed_pf_result
43,11,1,6,0.997916331121158,0,0,1,replayed_pf_result
43,11,1,7,0.985394073462224,0,0,1,replayed_pf_result
43,11,1,8,0.983706939465513,0,0,1,replayed_pf_result
43,11,1,9,1.01331690315334,0,0,1,replayed_pf_result
43,11,1,10,1.01195997394452,0,0,1,replayed_pf_result
43,11,1,11,1.00599719433963,0,0,1,replayed_pf_result
43,11,1,12,0.992512136893119,0,0,1,replayed_pf_result
43,11,1,13,1.00613132811836,0,0,1,replayed_pf_result
43,11,1,14,0.996699889688576,0,0,1,replayed_pf_result
43,11,1,15,0.990243116864918,0,0,1,replayed_pf_result
43,11,1,16,1.00255721110521,0,0,1,replayed_pf_result
43,11,1,17,1.00227182274339,0,0,1,replayed_pf_result
43,11,1,18,1.00016790738534,0,0,1,replayed_pf_result
43,11,1,19,1.03791643175561,0,0,1,replayed_pf_result
43,11,1,20,0.978739129308008,0,0,1,replayed_pf_result
43,11,1,21,0.993895606674634,0,0,1,replayed_pf_result
43,11,1,22,1.00390886294006,0,0,1,replayed_pf_result
43,11,1,23,0.996681245404376,0,0,1,replayed_pf_result
43,11,1,24,1.00540558531004,0,0,1,replayed_pf_result
43,11,1,25,1.01947620600055,0,0,1,replayed_pf_result
43,11,1,26,1.01216296777372,0,0,1,replayed_pf_result
43,11,1,27,1.0016036399951,0,0,1,replayed_pf_result
43,11,1,28,1.01037220424365,0,0,1,replayed_pf_result
43,11,1,29,1.01591232466976,0,0,1,replayed_pf_result
43,11,1,30,1,0,0,1,replayed_pf_result
43,11,1,31,1,0,0,1,replayed_pf_result
43,11,1,32,1,0,0,1,replayed_pf_result
43,11,1,33,1,0,0,1,replayed_pf_result
43,11,1,34,1,0,0,1,replayed_pf_result
43,11,1,35,1,0,0,1,replayed_pf_result
43,11,1,36,1,0,0,1,replayed_pf_result
43,11,1,37,1,0,0,1,replayed_pf_result
43,11,1,38,1,0,0,1,replayed_pf_result
43,11,1,39,1,0,0,1,replayed_pf_result
43,12,1,1,1.00320332199684,0,0,1,replayed_pf_result
43,12,1,2,1.01091478205,0,0,1,replayed_pf_result
43,12,1,3,1.00035727481246,0,0,1,replayed_pf_result
43,12,1,4,0.986484030872423,0,0,1,replayed_pf_result
43,12,1,5,0.993853353400323,0,0,1,replayed_pf_result
43,12,1,6,0.997916331121158,0,0,1,replayed_pf_result
43,12,1,7,0.985394073462224,0,0,1,replayed_pf_result
43,12,1,8,0.983706939465513,0,0,1,replayed_pf_result
43,12,1,9,1.01331690315334,0,0,1,replayed_pf_result
43,12,1,10,1.01195997394452,0,0,1,replayed_pf_result
43,12,1,11,1.00599719433963,0,0,1,replayed_pf_result
43,12,1,12,0.992512136893119,0,0,1,replayed_pf_result
43,12,1,13,1.00613132811836,0,0,1,replayed_pf_result
43,12,1,14,0.996699889688576,0,0,1,replayed_pf_result
43,12,1,15,0.990243116864918,0,0,1,replayed_pf_result
43,12,1,16,1.00255721110521,0,0,1,replayed_pf_result
43,12,1,17,1.00227182274339,0,0,1,replayed_pf_result
43,12,1,18,1.00016790738534,0,0,1,replayed_pf_result
43,12,1,19,1.03791643175561,0,0,1,replayed_pf_result
43,12,1,20,0.978739129308008,0,0,1,replayed_pf_result
43,12,1,21,0.993895606674634,0,0,1,replayed_pf_result
43,12,1,22,1.00390886294006,0,0,1,replayed_pf_result
43,12,1,23,0.996681245404376,0,0,1,replayed_pf_result
43,12,1,24,1.00540558531004,0,0,1,replayed_pf_result
43,12,1,25,1.01947620600055,0,0,1,replayed_pf_result
43,12,1,26,1.01216296777372,0,0,1,replayed_pf_result
43,12,1,27,1.0016036399951,0,0,1,replayed_pf_result
43,12,1,28,1.01037220424365,0,0,1,replayed_pf_result
43,12,1,29,1.01591232466976,0,0,1,replayed_pf_result
43,12,1,30,1,0,0,1,replayed_pf_result
43,12,1,31,1,0,0,1,replayed_pf_result
43,12,1,32,1,0,0,1,replayed_pf_result
43,12,1,33,1,0,0,1,replayed_pf_result
43,12,1,34,1,0,0,1,replayed_pf_result
43,12,1,35,1,0,0,1,replayed_pf_result
43,12,1,36,1,0,0,1,replayed_pf_result
43,12,1,37,1,0,0,1,replayed_pf_result
43,12,1,38,1,0,0,1,replayed_pf_result
43,12,1,39,1,0,0,1,replayed_pf_result
43,13,1,1,1.00320332199684,0,0,1,replayed_pf_result
43,13,1,2,1.01091478205,0,0,1,replayed_pf_result
43,13,1,3,1.00035727481246,0,0,1,replayed_pf_result
43,13,1,4,0.986484030872423,0,0,1,replayed_pf_result
43,13,1,5,0.993853353400323,0,0,1,replayed_pf_result
43,13,1,6,0.997916331121158,0,0,1,replayed_pf_result
43,13,1,7,0.985394073462224,0,0,1,replayed_pf_result
43,13,1,8,0.983706939465513,0,0,1,replayed_pf_result
43,13,1,9,1.01331690315334,0,0,1,replayed_pf_result
43,13,1,10,1.01195997394452,0,0,1,replayed_pf_result
43,13,1,11,1.00599719433963,0,0,1,replayed_pf_result
43,13,1,12,0.992512136893119,0,0,1,replayed_pf_result
43,13,1,13,1.00613132811836,0,0,1,replayed_pf_result
43,13,1,14,0.996699889688576,0,0,1,replayed_pf_result
43,13,1,15,0.990243116864918,0,0,1,replayed_pf_result
43,13,1,16,1.00255721110521,0,0,1,replayed_pf_result
43,13,1,17,1.00227182274339,0,0,1,replayed_pf_result
43,13,1,18,1.00016790738534,0,0,1,replayed_pf_result
43,13,1,19,1.03791643175561,0,0,1,replayed_pf_result
43,13,1,20,0.978739129308008,0,0,1,replayed_pf_result
43,13,1,21,0.993895606674634,0,0,1,replayed_pf_result
43,13,1,22,1.00390886294006,0,0,1,replayed_pf_result
43,13,1,23,0.996681245404376,0,0,1,replayed_pf_result
43,13,1,24,1.00540558531004,0,0,1,replayed_pf_result
43,13,1,25,1.01947620600055,0,0,1,replayed_pf_result
43,13,1,26,1.01216296777372,0,0,1,replayed_pf_result
43,13,1,27,1.0016036399951,0,0,1,replayed_pf_result
43,13,1,28,1.01037220424365,0,0,1,replayed_pf_result
43,13,1,29,1.01591232466976,0,0,1,replayed_pf_result
43,13,1,30,1,0,0,1,replayed_pf_result
43,13,1,31,1,0,0,1,replayed_pf_result
43,13,1,32,1,0,0,1,replayed_pf_result
43,13,1,33,1,0,0,1,replayed_pf_result
43,13,1,34,1,0,0,1,replayed_pf_result
43,13,1,35,1,0,0,1,replayed_pf_result
43,13,1,36,1,0,0,1,replayed_pf_result
43,13,1,37,1,0,0,1,replayed_pf_result
43,13,1,38,1,0,0,1,replayed_pf_result
43,13,1,39,1,0,0,1,replayed_pf_result
43,14,1,1,1.00320332199684,0,0,1,replayed_pf_result
43,14,1,2,1.01091478205,0,0,1,replayed_pf_result
43,14,1,3,1.00035727481246,0,0,1,replayed_pf_result
43,14,1,4,0.986484030872423,0,0,1,replayed_pf_result
43,14,1,5,0.993853353400323,0,0,1,replayed_pf_result
43,14,1,6,0.997916331121158,0,0,1,replayed_pf_result
43,14,1,7,0.985394073462224,0,0,1,replayed_pf_result
43,14,1,8,0.983706939465513,0,0,1,replayed_pf_result
43,14,1,9,1.01331690315334,0,0,1,replayed_pf_result
43,14,1,10,1.01195997394452,0,0,1,replayed_pf_result
43,14,1,11,1.00599719433963,0,0,1,replayed_pf_result
43,14,1,12,0.992512136893119,0,0,1,replayed_pf_result
43,14,1,13,1.00613132811836,0,0,1,replayed_pf_result
43,14,1,14,0.996699889688576,0,0,1,replayed_pf_result
43,14,1,15,0.990243116864918,0,0,1,replayed_pf_result
43,14,1,16,1.00255721110521,0,0,1,replayed_pf_result
43,14,1,17,1.00227182274339,0,0,1,replayed_pf_result
43,14,1,18,1.00016790738534,0,0,1,replayed_pf_result
43,14,1,19,1.03791643175561,0,0,1,replayed_pf_result
43,14,1,20,0.978739129308008,0,0,1,replayed_pf_result
43,14,1,21,0.993895606674634,0,0,1,replayed_pf_result
43,14,1,22,1.00390886294006,0,0,1,replayed_pf_result
43,14,1,23,0.996681245404376,0,0,1,replayed_pf_result
43,14,1,24,1.00540558531004,0,0,1,replayed_pf_result
43,14,1,25,1.01947620600055,0,0,1,replayed_pf_result
43,14,1,26,1.01216296777372,0,0,1,replayed_pf_result
43,14,1,27,1.0016036399951,0,0,1,replayed_pf_result
43,14,1,28,1.01037220424365,0,0,1,replayed_pf_result
43,14,1,29,1.01591232466976,0,0,1,replayed_pf_result
43,14,1,30,1,0,0,1,replayed_pf_result
43,14,1,31,1,0,0,1,replayed_pf_result
43,14,1,32,1,0,0,1,replayed_pf_result
43,14,1,33,1,0,0,1,replayed_pf_result
43,14,1,34,1,0,0,1,replayed_pf_result
43,14,1,35,1,0,0,1,replayed_pf_result
43,14,1,36,1,0,0,1,replayed_pf_result
43,14,1,37,1,0,0,1,replayed_pf_result
43,14,1,38,1,0,0,1,replayed_pf_result
43,14,1,39,1,0,0,1,replayed_pf_result
43,15,1,1,1.00320332199684,0,0,1,replayed_pf_result
43,15,1,2,1.01091478205,0,0,1,replayed_pf_result
43,15,1,3,1.00035727481246,0,0,1,replayed_pf_result
43,15,1,4,0.986484030872423,0,0,1,replayed_pf_result
43,15,1,5,0.993853353400323,0,0,1,replayed_pf_result
43,15,1,6,0.997916331121158,0,0,1,replayed_pf_result
43,15,1,7,0.985394073462224,0,0,1,replayed_pf_result
43,15,1,8,0.983706939465513,0,0,1,replayed_pf_result
43,15,1,9,1.01331690315334,0,0,1,replayed_pf_result
43,15,1,10,1.01195997394452,0,0,1,replayed_pf_result
43,15,1,11,1.00599719433963,0,0,1,replayed_pf_result
43,15,1,12,0.992512136893119,0,0,1,replayed_pf_result
43,15,1,13,1.00613132811836,0,0,1,replayed_pf_result
43,15,1,14,0.996699889688576,0,0,1,replayed_pf_result
43,15,1,15,0.990243116864918,0,0,1,replayed_pf_result
43,15,1,16,1.00255721110521,0,0,1,replayed_pf_result
43,15,1,17,1.00227182274339,0,0,1,replayed_pf_result
43,15,1,18,1.00016790738534,0,0,1,replayed_pf_result
43,15,1,19,1.03791643175561,0,0,1,replayed_pf_result
43,15,1,20,0.978739129308008,0,0,1,replayed_pf_result
43,15,1,21,0.993895606674634,0,0,1,replayed_pf_result
43,15,1,22,1.00390886294006,0,0,1,replayed_pf_result
43,15,1,23,0.996681245404376,0,0,1,replayed_pf_result
43,15,1,24,1.00540558531004,0,0,1,replayed_pf_result
43,15,1,25,1.01947620600055,0,0,1,replayed_pf_result
43,15,1,26,1.01216296777372,0,0,1,replayed_pf_result
43,15,1,27,1.0016036399951,0,0,1,replayed_pf_result
43,15,1,28,1.01037220424365,0,0,1,replayed_pf_result
43,15,1,29,1.01591232466976,0,0,1,replayed_pf_result
43,15,1,30,1,0,0,1,replayed_pf_result
43,15,1,31,1,0,0,1,replayed_pf_result
43,15,1,32,1,0,0,1,replayed_pf_result
43,15,1,33,1,0,0,1,replayed_pf_result
43,15,1,34,1,0,0,1,replayed_pf_result
43,15,1,35,1,0,0,1,replayed_pf_result
43,15,1,36,1,0,0,1,replayed_pf_result
43,15,1,37,1,0,0,1,replayed_pf_result
43,15,1,38,1,0,0,1,replayed_pf_result
43,15,1,39,1,0,0,1,replayed_pf_result
43,16,1,1,1.00320332199684,0,0,1,replayed_pf_result
43,16,1,2,1.01091478205,0,0,1,replayed_pf_result
43,16,1,3,1.00035727481246,0,0,1,replayed_pf_result
43,16,1,4,0.986484030872423,0,0,1,replayed_pf_result
43,16,1,5,0.993853353400323,0,0,1,replayed_pf_result
43,16,1,6,0.997916331121158,0,0,1,replayed_pf_result
43,16,1,7,0.985394073462224,0,0,1,replayed_pf_result
43,16,1,8,0.983706939465513,0,0,1,replayed_pf_result
43,16,1,9,1.01331690315334,0,0,1,replayed_pf_result
43,16,1,10,1.01195997394452,0,0,1,replayed_pf_result
43,16,1,11,1.00599719433963,0,0,1,replayed_pf_result
43,16,1,12,0.992512136893119,0,0,1,replayed_pf_result
43,16,1,13,1.00613132811836,0,0,1,replayed_pf_result
43,16,1,14,0.996699889688576,0,0,1,replayed_pf_result
43,16,1,15,0.990243116864918,0,0,1,replayed_pf_result
43,16,1,16,1.00255721110521,0,0,1,replayed_pf_result
43,16,1,17,1.00227182274339,0,0,1,replayed_pf_result
43,16,1,18,1.00016790738534,0,0,1,replayed_pf_result
43,16,1,19,1.03791643175561,0,0,1,replayed_pf_result
43,16,1,20,0.978739129308008,0,0,1,replayed_pf_result
43,16,1,21,0.993895606674634,0,0,1,replayed_pf_result
43,16,1,22,1.00390886294006,0,0,1,replayed_pf_result
43,16,1,23,0.996681245404376,0,0,1,replayed_pf_result
43,16,1,24,1.00540558531004,0,0,1,replayed_pf_result
43,16,1,25,1.01947620600055,0,0,1,replayed_pf_result
43,16,1,26,1.01216296777372,0,0,1,replayed_pf_result
43,16,1,27,1.0016036399951,0,0,1,replayed_pf_result
43,16,1,28,1.01037220424365,0,0,1,replayed_pf_result
43,16,1,29,1.01591232466976,0,0,1,replayed_pf_result
43,16,1,30,1,0,0,1,replayed_pf_result
43,16,1,31,1,0,0,1,replayed_pf_result
43,16,1,32,1,0,0,1,replayed_pf_result
43,16,1,33,1,0,0,1,replayed_pf_result
43,16,1,34,1,0,0,1,replayed_pf_result
43,16,1,35,1,0,0,1,replayed_pf_result
43,16,1,36,1,0,0,1,replayed_pf_result
43,16,1,37,1,0,0,1,replayed_pf_result
43,16,1,38,1,0,0,1,replayed_pf_result
43,16,1,39,1,0,0,1,replayed_pf_result
43,17,1,1,1.00320332199684,0,0,1,replayed_pf_result
43,17,1,2,1.01091478205,0,0,1,replayed_pf_result
43,17,1,3,1.00035727481246,0,0,1,replayed_pf_result
43,17,1,4,0.986484030872423,0,0,1,replayed_pf_result
43,17,1,5,0.993853353400323,0,0,1,replayed_pf_result
43,17,1,6,0.997916331121158,0,0,1,replayed_pf_result
43,17,1,7,0.985394073462224,0,0,1,replayed_pf_result
43,17,1,8,0.983706939465513,0,0,1,replayed_pf_result
43,17,1,9,1.01331690315334,0,0,1,replayed_pf_result
43,17,1,10,1.01195997394452,0,0,1,replayed_pf_result
43,17,1,11,1.00599719433963,0,0,1,replayed_pf_result
43,17,1,12,0.992512136893119,0,0,1,replayed_pf_result
43,17,1,13,1.00613132811836,0,0,1,replayed_pf_result
43,17,1,14,0.996699889688576,0,0,1,replayed_pf_result
43,17,1,15,0.990243116864918,0,0,1,replayed_pf_result
43,17,1,16,1.00255721110521,0,0,1,replayed_pf_result
43,17,1,17,1.00227182274339,0,0,1,replayed_pf_result
43,17,1,18,1.00016790738534,0,0,1,replayed_pf_result
43,17,1,19,1.03791643175561,0,0,1,replayed_pf_result
43,17,1,20,0.978739129308008,0,0,1,replayed_pf_result
43,17,1,21,0.993895606674634,0,0,1,replayed_pf_result
43,17,1,22,1.00390886294006,0,0,1,replayed_pf_result
43,17,1,23,0.996681245404376,0,0,1,replayed_pf_result
43,17,1,24,1.00540558531004,0,0,1,replayed_pf_result
43,17,1,25,1.01947620600055,0,0,1,replayed_pf_result
43,17,1,26,1.01216296777372,0,0,1,replayed_pf_result
43,17,1,27,1.0016036399951,0,0,1,replayed_pf_result
43,17,1,28,1.01037220424365,0,0,1,replayed_pf_result
43,17,1,29,1.01591232466976,0,0,1,replayed_pf_result
43,17,1,30,1,0,0,1,replayed_pf_result
43,17,1,31,1,0,0,1,replayed_pf_result
43,17,1,32,1,0,0,1,replayed_pf_result
43,17,1,33,1,0,0,1,replayed_pf_result
43,17,1,34,1,0,0,1,replayed_pf_result
43,17,1,35,1,0,0,1,replayed_pf_result
43,17,1,36,1,0,0,1,replayed_pf_result
43,17,1,37,1,0,0,1,replayed_pf_result
43,17,1,38,1,0,0,1,replayed_pf_result
43,17,1,39,1,0,0,1,replayed_pf_result
43,18,1,1,1.00320332199684,0,0,1,replayed_pf_result
43,18,1,2,1.01091478205,0,0,1,replayed_pf_result
43,18,1,3,1.00035727481246,0,0,1,replayed_pf_result
43,18,1,4,0.986484030872423,0,0,1,replayed_pf_result
43,18,1,5,0.993853353400323,0,0,1,replayed_pf_result
43,18,1,6,0.997916331121158,0,0,1,replayed_pf_result
43,18,1,7,0.985394073462224,0,0,1,replayed_pf_result
43,18,1,8,0.983706939465513,0,0,1,replayed_pf_result
43,18,1,9,1.01331690315334,0,0,1,replayed_pf_result
43,18,1,10,1.01195997394452,0,0,1,replayed_pf_result
43,18,1,11,1.00599719433963,0,0,1,replayed_pf_result
43,18,1,12,0.992512136893119,0,0,1,replayed_pf_result
43,18,1,13,1.00613132811836,0,0,1,replayed_pf_result
43,18,1,14,0.996699889688576,0,0,1,replayed_pf_result
43,18,1,15,0.990243116864918,0,0,1,replayed_pf_result
43,18,1,16,1.00255721110521,0,0,1,replayed_pf_result
43,18,1,17,1.00227182274339,0,0,1,replayed_pf_result
43,18,1,18,1.00016790738534,0,0,1,replayed_pf_result
43,18,1,19,1.03791643175561,0,0,1,replayed_pf_result
43,18,1,20,0.978739129308008,0,0,1,replayed_pf_result
43,18,1,21,0.993895606674634,0,0,1,replayed_pf_result
43,18,1,22,1.00390886294006,0,0,1,replayed_pf_result
43,18,1,23,0.996681245404376,0,0,1,replayed_pf_result
43,18,1,24,1.00540558531004,0,0,1,replayed_pf_result
43,18,1,25,1.01947620600055,0,0,1,replayed_pf_result
43,18,1,26,1.01216296777372,0,0,1,replayed_pf_result
43,18,1,27,1.0016036399951,0,0,1,replayed_pf_result
43,18,1,28,1.01037220424365,0,0,1,replayed_pf_result
43,18,1,29,1.01591232466976,0,0,1,replayed_pf_result
43,18,1,30,1,0,0,1,replayed_pf_result
43,18,1,31,1,0,0,1,replayed_pf_result
43,18,1,32,1,0,0,1,replayed_pf_result
43,18,1,33,1,0,0,1,replayed_pf_result
43,18,1,34,1,0,0,1,replayed_pf_result
43,18,1,35,1,0,0,1,replayed_pf_result
43,18,1,36,1,0,0,1,replayed_pf_result
43,18,1,37,1,0,0,1,replayed_pf_result
43,18,1,38,1,0,0,1,replayed_pf_result
43,18,1,39,1,0,0,1,replayed_pf_result
43,19,1,1,1.00320332199684,0,0,1,replayed_pf_result
43,19,1,2,1.01091478205,0,0,1,replayed_pf_result
43,19,1,3,1.00035727481246,0,0,1,replayed_pf_result
43,19,1,4,0.986484030872423,0,0,1,replayed_pf_result
43,19,1,5,0.993853353400323,0,0,1,replayed_pf_result
43,19,1,6,0.997916331121158,0,0,1,replayed_pf_result
43,19,1,7,0.985394073462224,0,0,1,replayed_pf_result
43,19,1,8,0.983706939465513,0,0,1,replayed_pf_result
43,19,1,9,1.01331690315334,0,0,1,replayed_pf_result
43,19,1,10,1.01195997394452,0,0,1,replayed_pf_result
43,19,1,11,1.00599719433963,0,0,1,replayed_pf_result
43,19,1,12,0.992512136893119,0,0,1,replayed_pf_result
43,19,1,13,1.00613132811836,0,0,1,replayed_pf_result
43,19,1,14,0.996699889688576,0,0,1,replayed_pf_result
43,19,1,15,0.990243116864918,0,0,1,replayed_pf_result
43,19,1,16,1.00255721110521,0,0,1,replayed_pf_result
43,19,1,17,1.00227182274339,0,0,1,replayed_pf_result
43,19,1,18,1.00016790738534,0,0,1,replayed_pf_result
43,19,1,19,1.03791643175561,0,0,1,replayed_pf_result
43,19,1,20,0.978739129308008,0,0,1,replayed_pf_result
43,19,1,21,0.993895606674634,0,0,1,replayed_pf_result
43,19,1,22,1.00390886294006,0,0,1,replayed_pf_result
43,19,1,23,0.996681245404376,0,0,1,replayed_pf_result
43,19,1,24,1.00540558531004,0,0,1,replayed_pf_result
43,19,1,25,1.01947620600055,0,0,1,replayed_pf_result
43,19,1,26,1.01216296777372,0,0,1,replayed_pf_result
43,19,1,27,1.0016036399951,0,0,1,replayed_pf_result
43,19,1,28,1.01037220424365,0,0,1,replayed_pf_result
43,19,1,29,1.01591232466976,0,0,1,replayed_pf_result
43,19,1,30,1,0,0,1,replayed_pf_result
43,19,1,31,1,0,0,1,replayed_pf_result
43,19,1,32,1,0,0,1,replayed_pf_result
43,19,1,33,1,0,0,1,replayed_pf_result
43,19,1,34,1,0,0,1,replayed_pf_result
43,19,1,35,1,0,0,1,replayed_pf_result
43,19,1,36,1,0,0,1,replayed_pf_result
43,19,1,37,1,0,0,1,replayed_pf_result
43,19,1,38,1,0,0,1,replayed_pf_result
43,19,1,39,1,0,0,1,replayed_pf_result
43,20,1,1,1.00320332199684,0,0,1,replayed_pf_result
43,20,1,2,1.01091478205,0,0,1,replayed_pf_result
43,20,1,3,1.00035727481246,0,0,1,replayed_pf_result
43,20,1,4,0.986484030872423,0,0,1,replayed_pf_result
43,20,1,5,0.993853353400323,0,0,1,replayed_pf_result
43,20,1,6,0.997916331121158,0,0,1,replayed_pf_result
43,20,1,7,0.985394073462224,0,0,1,replayed_pf_result
43,20,1,8,0.983706939465513,0,0,1,replayed_pf_result
43,20,1,9,1.01331690315334,0,0,1,replayed_pf_result
43,20,1,10,1.01195997394452,0,0,1,replayed_pf_result
43,20,1,11,1.00599719433963,0,0,1,replayed_pf_result
43,20,1,12,0.992512136893119,0,0,1,replayed_pf_result
43,20,1,13,1.00613132811836,0,0,1,replayed_pf_result
43,20,1,14,0.996699889688576,0,0,1,replayed_pf_result
43,20,1,15,0.990243116864918,0,0,1,replayed_pf_result
43,20,1,16,1.00255721110521,0,0,1,replayed_pf_result
43,20,1,17,1.00227182274339,0,0,1,replayed_pf_result
43,20,1,18,1.00016790738534,0,0,1,replayed_pf_result
43,20,1,19,1.03791643175561,0,0,1,replayed_pf_result
43,20,1,20,0.978739129308008,0,0,1,replayed_pf_result
43,20,1,21,0.993895606674634,0,0,1,replayed_pf_result
43,20,1,22,1.00390886294006,0,0,1,replayed_pf_result
43,20,1,23,0.996681245404376,0,0,1,replayed_pf_result
43,20,1,24,1.00540558531004,0,0,1,replayed_pf_result
43,20,1,25,1.01947620600055,0,0,1,replayed_pf_result
43,20,1,26,1.01216296777372,0,0,1,replayed_pf_result
43,20,1,27,1.0016036399951,0,0,1,replayed_pf_result
43,20,1,28,1.01037220424365,0,0,1,replayed_pf_result
43,20,1,29,1.01591232466976,0,0,1,replayed_pf_result
43,20,1,30,1,0,0,1,replayed_pf_result
43,20,1,31,1,0,0,1,replayed_pf_result
43,20,1,32,1,0,0,1,replayed_pf_result
43,20,1,33,1,0,0,1,replayed_pf_result
43,20,1,34,1,0,0,1,replayed_pf_result
43,20,1,35,1,0,0,1,replayed_pf_result
43,20,1,36,1,0,0,1,replayed_pf_result
43,20,1,37,1,0,0,1,replayed_pf_result
43,20,1,38,1,0,0,1,replayed_pf_result
43,20,1,39,1,0,0,1,replayed_pf_result
44,1,1,1,1.00294888096082,0,0,1,replayed_pf_result
44,1,1,2,1.010250220622,0,0,1,replayed_pf_result
44,1,1,3,0.999583281969419,0,0,1,replayed_pf_result
44,1,1,4,0.985985511079734,0,0,1,replayed_pf_result
44,1,1,5,0.993507046322044,0,0,1,replayed_pf_result
44,1,1,6,0.997595237939059,0,0,1,replayed_pf_result
44,1,1,7,0.985076061011393,0,0,1,replayed_pf_result
44,1,1,8,0.983393001922803,0,0,1,replayed_pf_result
44,1,1,9,1.01318380932876,0,0,1,replayed_pf_result
44,1,1,10,1.01165725325316,0,0,1,replayed_pf_result
44,1,1,11,1.00568655157713,0,0,1,replayed_pf_result
44,1,1,12,0.992172534021699,0,0,1,replayed_pf_result
44,1,1,13,1.00578019827046,0,0,1,replayed_pf_result
44,1,1,14,0.996234625957835,0,0,1,replayed_pf_result
44,1,1,15,0.989599743534259,0,0,1,replayed_pf_result
44,1,1,16,1.00184971493966,0,0,1,replayed_pf_result
44,1,1,17,1.00107643529997,0,0,1,replayed_pf_result
44,1,1,18,0.999129971115758,0,0,1,replayed_pf_result
44,1,1,19,1.03765629168379,0,0,1,replayed_pf_result
44,1,1,20,0.978597103048191,0,0,1,replayed_pf_result
44,1,1,21,0.993396699046051,0,0,1,replayed_pf_result
44,1,1,22,1.00364138924134,0,0,1,replayed_pf_result
44,1,1,23,0.996404218059868,0,0,1,replayed_pf_result
44,1,1,24,1.00476061265738,0,0,1,replayed_pf_result
44,1,1,25,1.0184668998551,0,0,1,replayed_pf_result
44,1,1,26,1.00866415883762,0,0,1,replayed_pf_result
44,1,1,27,0.999136414983709,0,0,1,replayed_pf_result
44,1,1,28,1.00920163272661,0,0,1,replayed_pf_result
44,1,1,29,1.01192214146705,0,0,1,replayed_pf_result
44,1,1,30,1,0,0,1,replayed_pf_result
44,1,1,31,1,0,0,1,replayed_pf_result
44,1,1,32,1,0,0,1,replayed_pf_result
44,1,1,33,1,0,0,1,replayed_pf_result
44,1,1,34,1,0,0,1,replayed_pf_result
44,1,1,35,1,0,0,1,replayed_pf_result
44,1,1,36,1,0,0,1,replayed_pf_result
44,1,1,37,1,0,0,1,replayed_pf_result
44,1,1,38,1,0,0,1,replayed_pf_result
44,1,1,39,1,0,0,1,replayed_pf_result
44,2,1,1,1.00294888096082,0,0,1,replayed_pf_result
44,2,1,2,1.010250220622,0,0,1,replayed_pf_result
44,2,1,3,0.999583281969419,0,0,1,replayed_pf_result
44,2,1,4,0.985985511079734,0,0,1,replayed_pf_result
44,2,1,5,0.993507046322044,0,0,1,replayed_pf_result
44,2,1,6,0.997595237939059,0,0,1,replayed_pf_result
44,2,1,7,0.985076061011393,0,0,1,replayed_pf_result
44,2,1,8,0.983393001922803,0,0,1,replayed_pf_result
44,2,1,9,1.01318380932876,0,0,1,replayed_pf_result
44,2,1,10,1.01165725325316,0,0,1,replayed_pf_result
44,2,1,11,1.00568655157713,0,0,1,replayed_pf_result
44,2,1,12,0.992172534021699,0,0,1,replayed_pf_result
44,2,1,13,1.00578019827046,0,0,1,replayed_pf_result
44,2,1,14,0.996234625957835,0,0,1,replayed_pf_result
44,2,1,15,0.989599743534259,0,0,1,replayed_pf_result
44,2,1,16,1.00184971493966,0,0,1,replayed_pf_result
44,2,1,17,1.00107643529997,0,0,1,replayed_pf_result
44,2,1,18,0.999129971115758,0,0,1,replayed_pf_result
44,2,1,19,1.03765629168379,0,0,1,replayed_pf_result
44,2,1,20,0.978597103048191,0,0,1,replayed_pf_result
44,2,1,21,0.993396699046051,0,0,1,replayed_pf_result
44,2,1,22,1.00364138924134,0,0,1,replayed_pf_result
44,2,1,23,0.996404218059868,0,0,1,replayed_pf_result
44,2,1,24,1.00476061265738,0,0,1,replayed_pf_result
44,2,1,25,1.0184668998551,0,0,1,replayed_pf_result
44,2,1,26,1.00866415883762,0,0,1,replayed_pf_result
44,2,1,27,0.999136414983709,0,0,1,replayed_pf_result
44,2,1,28,1.00920163272661,0,0,1,replayed_pf_result
44,2,1,29,1.01192214146705,0,0,1,replayed_pf_result
44,2,1,30,1,0,0,1,replayed_pf_result
44,2,1,31,1,0,0,1,replayed_pf_result
44,2,1,32,1,0,0,1,replayed_pf_result
44,2,1,33,1,0,0,1,replayed_pf_result
44,2,1,34,1,0,0,1,replayed_pf_result
44,2,1,35,1,0,0,1,replayed_pf_result
44,2,1,36,1,0,0,1,replayed_pf_result
44,2,1,37,1,0,0,1,replayed_pf_result
44,2,1,38,1,0,0,1,replayed_pf_result
44,2,1,39,1,0,0,1,replayed_pf_result
44,3,1,1,1.00294888096082,0,0,1,replayed_pf_result
44,3,1,2,1.010250220622,0,0,1,replayed_pf_result
44,3,1,3,0.999583281969419,0,0,1,replayed_pf_result
44,3,1,4,0.985985511079734,0,0,1,replayed_pf_result
44,3,1,5,0.993507046322044,0,0,1,replayed_pf_result
44,3,1,6,0.997595237939059,0,0,1,replayed_pf_result
44,3,1,7,0.985076061011393,0,0,1,replayed_pf_result
44,3,1,8,0.983393001922803,0,0,1,replayed_pf_result
44,3,1,9,1.01318380932876,0,0,1,replayed_pf_result
44,3,1,10,1.01165725325316,0,0,1,replayed_pf_result
44,3,1,11,1.00568655157713,0,0,1,replayed_pf_result
44,3,1,12,0.992172534021699,0,0,1,replayed_pf_result
44,3,1,13,1.00578019827046,0,0,1,replayed_pf_result
44,3,1,14,0.996234625957835,0,0,1,replayed_pf_result
44,3,1,15,0.989599743534259,0,0,1,replayed_pf_result
44,3,1,16,1.00184971493966,0,0,1,replayed_pf_result
44,3,1,17,1.00107643529997,0,0,1,replayed_pf_result
44,3,1,18,0.999129971115758,0,0,1,replayed_pf_result
44,3,1,19,1.03765629168379,0,0,1,replayed_pf_result
44,3,1,20,0.978597103048191,0,0,1,replayed_pf_result
44,3,1,21,0.993396699046051,0,0,1,replayed_pf_result
44,3,1,22,1.00364138924134,0,0,1,replayed_pf_result
44,3,1,23,0.996404218059868,0,0,1,replayed_pf_result
44,3,1,24,1.00476061265738,0,0,1,replayed_pf_result
44,3,1,25,1.0184668998551,0,0,1,replayed_pf_result
44,3,1,26,1.00866415883762,0,0,1,replayed_pf_result
44,3,1,27,0.999136414983709,0,0,1,replayed_pf_result
44,3,1,28,1.00920163272661,0,0,1,replayed_pf_result
44,3,1,29,1.01192214146705,0,0,1,replayed_pf_result
44,3,1,30,1,0,0,1,replayed_pf_result
44,3,1,31,1,0,0,1,replayed_pf_result
44,3,1,32,1,0,0,1,replayed_pf_result
44,3,1,33,1,0,0,1,replayed_pf_result
44,3,1,34,1,0,0,1,replayed_pf_result
44,3,1,35,1,0,0,1,replayed_pf_result
44,3,1,36,1,0,0,1,replayed_pf_result
44,3,1,37,1,0,0,1,replayed_pf_result
44,3,1,38,1,0,0,1,replayed_pf_result
44,3,1,39,1,0,0,1,replayed_pf_result
44,4,1,1,1.00294888096082,0,0,1,replayed_pf_result
44,4,1,2,1.010250220622,0,0,1,replayed_pf_result
44,4,1,3,0.999583281969419,0,0,1,replayed_pf_result
44,4,1,4,0.985985511079734,0,0,1,replayed_pf_result
44,4,1,5,0.993507046322044,0,0,1,replayed_pf_result
44,4,1,6,0.997595237939059,0,0,1,replayed_pf_result
44,4,1,7,0.985076061011393,0,0,1,replayed_pf_result
44,4,1,8,0.983393001922803,0,0,1,replayed_pf_result
44,4,1,9,1.01318380932876,0,0,1,replayed_pf_result
44,4,1,10,1.01165725325316,0,0,1,replayed_pf_result
44,4,1,11,1.00568655157713,0,0,1,replayed_pf_result
44,4,1,12,0.992172534021699,0,0,1,replayed_pf_result
44,4,1,13,1.00578019827046,0,0,1,replayed_pf_result
44,4,1,14,0.996234625957835,0,0,1,replayed_pf_result
44,4,1,15,0.989599743534259,0,0,1,replayed_pf_result
44,4,1,16,1.00184971493966,0,0,1,replayed_pf_result
44,4,1,17,1.00107643529997,0,0,1,replayed_pf_result
44,4,1,18,0.999129971115758,0,0,1,replayed_pf_result
44,4,1,19,1.03765629168379,0,0,1,replayed_pf_result
44,4,1,20,0.978597103048191,0,0,1,replayed_pf_result
44,4,1,21,0.993396699046051,0,0,1,replayed_pf_result
44,4,1,22,1.00364138924134,0,0,1,replayed_pf_result
44,4,1,23,0.996404218059868,0,0,1,replayed_pf_result
44,4,1,24,1.00476061265738,0,0,1,replayed_pf_result
44,4,1,25,1.0184668998551,0,0,1,replayed_pf_result
44,4,1,26,1.00866415883762,0,0,1,replayed_pf_result
44,4,1,27,0.999136414983709,0,0,1,replayed_pf_result
44,4,1,28,1.00920163272661,0,0,1,replayed_pf_result
44,4,1,29,1.01192214146705,0,0,1,replayed_pf_result
44,4,1,30,1,0,0,1,replayed_pf_result
44,4,1,31,1,0,0,1,replayed_pf_result
44,4,1,32,1,0,0,1,replayed_pf_result
44,4,1,33,1,0,0,1,replayed_pf_result
44,4,1,34,1,0,0,1,replayed_pf_result
44,4,1,35,1,0,0,1,replayed_pf_result
44,4,1,36,1,0,0,1,replayed_pf_result
44,4,1,37,1,0,0,1,replayed_pf_result
44,4,1,38,1,0,0,1,replayed_pf_result
44,4,1,39,1,0,0,1,replayed_pf_result
44,5,1,1,1.00294888096082,0,0,1,replayed_pf_result
44,5,1,2,1.010250220622,0,0,1,replayed_pf_result
44,5,1,3,0.999583281969419,0,0,1,replayed_pf_result
44,5,1,4,0.985985511079734,0,0,1,replayed_pf_result
44,5,1,5,0.993507046322044,0,0,1,replayed_pf_result
44,5,1,6,0.997595237939059,0,0,1,replayed_pf_result
44,5,1,7,0.985076061011393,0,0,1,replayed_pf_result
44,5,1,8,0.983393001922803,0,0,1,replayed_pf_result
44,5,1,9,1.01318380932876,0,0,1,replayed_pf_result
44,5,1,10,1.01165725325316,0,0,1,replayed_pf_result
44,5,1,11,1.00568655157713,0,0,1,replayed_pf_result
44,5,1,12,0.992172534021699,0,0,1,replayed_pf_result
44,5,1,13,1.00578019827046,0,0,1,replayed_pf_result
44,5,1,14,0.996234625957835,0,0,1,replayed_pf_result
44,5,1,15,0.989599743534259,0,0,1,replayed_pf_result
44,5,1,16,1.00184971493966,0,0,1,replayed_pf_result
44,5,1,17,1.00107643529997,0,0,1,replayed_pf_result
44,5,1,18,0.999129971115758,0,0,1,replayed_pf_result
44,5,1,19,1.03765629168379,0,0,1,replayed_pf_result
44,5,1,20,0.978597103048191,0,0,1,replayed_pf_result
44,5,1,21,0.993396699046051,0,0,1,replayed_pf_result
44,5,1,22,1.00364138924134,0,0,1,replayed_pf_result
44,5,1,23,0.996404218059868,0,0,1,replayed_pf_result
44,5,1,24,1.00476061265738,0,0,1,replayed_pf_result
44,5,1,25,1.0184668998551,0,0,1,replayed_pf_result
44,5,1,26,1.00866415883762,0,0,1,replayed_pf_result
44,5,1,27,0.999136414983709,0,0,1,replayed_pf_result
44,5,1,28,1.00920163272661,0,0,1,replayed_pf_result
44,5,1,29,1.01192214146705,0,0,1,replayed_pf_result
44,5,1,30,1,0,0,1,replayed_pf_result
44,5,1,31,1,0,0,1,replayed_pf_result
44,5,1,32,1,0,0,1,replayed_pf_result
44,5,1,33,1,0,0,1,replayed_pf_result
44,5,1,34,1,0,0,1,replayed_pf_result
44,5,1,35,1,0,0,1,replayed_pf_result
44,5,1,36,1,0,0,1,replayed_pf_result
44,5,1,37,1,0,0,1,replayed_pf_result
44,5,1,38,1,0,0,1,replayed_pf_result
44,5,1,39,1,0,0,1,replayed_pf_result
44,6,1,1,1.00294888096082,0,0,1,replayed_pf_result
44,6,1,2,1.010250220622,0,0,1,replayed_pf_result
44,6,1,3,0.999583281969419,0,0,1,replayed_pf_result
44,6,1,4,0.985985511079734,0,0,1,replayed_pf_result
44,6,1,5,0.993507046322044,0,0,1,replayed_pf_result
44,6,1,6,0.997595237939059,0,0,1,replayed_pf_result
44,6,1,7,0.985076061011393,0,0,1,replayed_pf_result
44,6,1,8,0.983393001922803,0,0,1,replayed_pf_result
44,6,1,9,1.01318380932876,0,0,1,replayed_pf_result
44,6,1,10,1.01165725325316,0,0,1,replayed_pf_result
44,6,1,11,1.00568655157713,0,0,1,replayed_pf_result
44,6,1,12,0.992172534021699,0,0,1,replayed_pf_result
44,6,1,13,1.00578019827046,0,0,1,replayed_pf_result
44,6,1,14,0.996234625957835,0,0,1,replayed_pf_result
44,6,1,15,0.989599743534259,0,0,1,replayed_pf_result
44,6,1,16,1.00184971493966,0,0,1,replayed_pf_result
44,6,1,17,1.00107643529997,0,0,1,replayed_pf_result
44,6,1,18,0.999129971115758,0,0,1,replayed_pf_result
44,6,1,19,1.03765629168379,0,0,1,replayed_pf_result
44,6,1,20,0.978597103048191,0,0,1,replayed_pf_result
44,6,1,21,0.993396699046051,0,0,1,replayed_pf_result
44,6,1,22,1.00364138924134,0,0,1,replayed_pf_result
44,6,1,23,0.996404218059868,0,0,1,replayed_pf_result
44,6,1,24,1.00476061265738,0,0,1,replayed_pf_result
44,6,1,25,1.0184668998551,0,0,1,replayed_pf_result
44,6,1,26,1.00866415883762,0,0,1,replayed_pf_result
44,6,1,27,0.999136414983709,0,0,1,replayed_pf_result
44,6,1,28,1.00920163272661,0,0,1,replayed_pf_result
44,6,1,29,1.01192214146705,0,0,1,replayed_pf_result
44,6,1,30,1,0,0,1,replayed_pf_result
44,6,1,31,1,0,0,1,replayed_pf_result
44,6,1,32,1,0,0,1,replayed_pf_result
44,6,1,33,1,0,0,1,replayed_pf_result
44,6,1,34,1,0,0,1,replayed_pf_result
44,6,1,35,1,0,0,1,replayed_pf_result
44,6,1,36,1,0,0,1,replayed_pf_result
44,6,1,37,1,0,0,1,replayed_pf_result
44,6,1,38,1,0,0,1,replayed_pf_result
44,6,1,39,1,0,0,1,replayed_pf_result
44,7,1,1,1.00294888096082,0,0,1,replayed_pf_result
44,7,1,2,1.010250220622,0,0,1,replayed_pf_result
44,7,1,3,0.999583281969419,0,0,1,replayed_pf_result
44,7,1,4,0.985985511079734,0,0,1,replayed_pf_result
44,7,1,5,0.993507046322044,0,0,1,replayed_pf_result
44,7,1,6,0.997595237939059,0,0,1,replayed_pf_result
44,7,1,7,0.985076061011393,0,0,1,replayed_pf_result
44,7,1,8,0.983393001922803,0,0,1,replayed_pf_result
44,7,1,9,1.01318380932876,0,0,1,replayed_pf_result
44,7,1,10,1.01165725325316,0,0,1,replayed_pf_result
44,7,1,11,1.00568655157713,0,0,1,replayed_pf_result
44,7,1,12,0.992172534021699,0,0,1,replayed_pf_result
44,7,1,13,1.00578019827046,0,0,1,replayed_pf_result
44,7,1,14,0.996234625957835,0,0,1,replayed_pf_result
44,7,1,15,0.989599743534259,0,0,1,replayed_pf_result
44,7,1,16,1.00184971493966,0,0,1,replayed_pf_result
44,7,1,17,1.00107643529997,0,0,1,replayed_pf_result
44,7,1,18,0.999129971115758,0,0,1,replayed_pf_result
44,7,1,19,1.03765629168379,0,0,1,replayed_pf_result
44,7,1,20,0.978597103048191,0,0,1,replayed_pf_result
44,7,1,21,0.993396699046051,0,0,1,replayed_pf_result
44,7,1,22,1.00364138924134,0,0,1,replayed_pf_result
44,7,1,23,0.996404218059868,0,0,1,replayed_pf_result
44,7,1,24,1.00476061265738,0,0,1,replayed_pf_result
44,7,1,25,1.0184668998551,0,0,1,replayed_pf_result
44,7,1,26,1.00866415883762,0,0,1,replayed_pf_result
44,7,1,27,0.999136414983709,0,0,1,replayed_pf_result
44,7,1,28,1.00920163272661,0,0,1,replayed_pf_result
44,7,1,29,1.01192214146705,0,0,1,replayed_pf_result
44,7,1,30,1,0,0,1,replayed_pf_result
44,7,1,31,1,0,0,1,replayed_pf_result
44,7,1,32,1,0,0,1,replayed_pf_result
44,7,1,33,1,0,0,1,replayed_pf_result
44,7,1,34,1,0,0,1,replayed_pf_result
44,7,1,35,1,0,0,1,replayed_pf_result
44,7,1,36,1,0,0,1,replayed_pf_result
44,7,1,37,1,0,0,1,replayed_pf_result
44,7,1,38,1,0,0,1,replayed_pf_result
44,7,1,39,1,0,0,1,replayed_pf_result
44,8,1,1,1.00294888096082,0,0,1,replayed_pf_result
44,8,1,2,1.010250220622,0,0,1,replayed_pf_result
44,8,1,3,0.999583281969419,0,0,1,replayed_pf_result
44,8,1,4,0.985985511079734,0,0,1,replayed_pf_result
44,8,1,5,0.993507046322044,0,0,1,replayed_pf_result
44,8,1,6,0.997595237939059,0,0,1,replayed_pf_result
44,8,1,7,0.985076061011393,0,0,1,replayed_pf_result
44,8,1,8,0.983393001922803,0,0,1,replayed_pf_result
44,8,1,9,1.01318380932876,0,0,1,replayed_pf_result
44,8,1,10,1.01165725325316,0,0,1,replayed_pf_result
44,8,1,11,1.00568655157713,0,0,1,replayed_pf_result
44,8,1,12,0.992172534021699,0,0,1,replayed_pf_result
44,8,1,13,1.00578019827046,0,0,1,replayed_pf_result
44,8,1,14,0.996234625957835,0,0,1,replayed_pf_result
44,8,1,15,0.989599743534259,0,0,1,replayed_pf_result
44,8,1,16,1.00184971493966,0,0,1,replayed_pf_result
44,8,1,17,1.00107643529997,0,0,1,replayed_pf_result
44,8,1,18,0.999129971115758,0,0,1,replayed_pf_result
44,8,1,19,1.03765629168379,0,0,1,replayed_pf_result
44,8,1,20,0.978597103048191,0,0,1,replayed_pf_result
44,8,1,21,0.993396699046051,0,0,1,replayed_pf_result
44,8,1,22,1.00364138924134,0,0,1,replayed_pf_result
44,8,1,23,0.996404218059868,0,0,1,replayed_pf_result
44,8,1,24,1.00476061265738,0,0,1,replayed_pf_result
44,8,1,25,1.0184668998551,0,0,1,replayed_pf_result
44,8,1,26,1.00866415883762,0,0,1,replayed_pf_result
44,8,1,27,0.999136414983709,0,0,1,replayed_pf_result
44,8,1,28,1.00920163272661,0,0,1,replayed_pf_result
44,8,1,29,1.01192214146705,0,0,1,replayed_pf_result
44,8,1,30,1,0,0,1,replayed_pf_result
44,8,1,31,1,0,0,1,replayed_pf_result
44,8,1,32,1,0,0,1,replayed_pf_result
44,8,1,33,1,0,0,1,replayed_pf_result
44,8,1,34,1,0,0,1,replayed_pf_result
44,8,1,35,1,0,0,1,replayed_pf_result
44,8,1,36,1,0,0,1,replayed_pf_result
44,8,1,37,1,0,0,1,replayed_pf_result
44,8,1,38,1,0,0,1,replayed_pf_result
44,8,1,39,1,0,0,1,replayed_pf_result
44,9,1,1,1.00294888096082,0,0,1,replayed_pf_result
44,9,1,2,1.010250220622,0,0,1,replayed_pf_result
44,9,1,3,0.999583281969419,0,0,1,replayed_pf_result
44,9,1,4,0.985985511079734,0,0,1,replayed_pf_result
44,9,1,5,0.993507046322044,0,0,1,replayed_pf_result
44,9,1,6,0.997595237939059,0,0,1,replayed_pf_result
44,9,1,7,0.985076061011393,0,0,1,replayed_pf_result
44,9,1,8,0.983393001922803,0,0,1,replayed_pf_result
44,9,1,9,1.01318380932876,0,0,1,replayed_pf_result
44,9,1,10,1.01165725325316,0,0,1,replayed_pf_result
44,9,1,11,1.00568655157713,0,0,1,replayed_pf_result
44,9,1,12,0.992172534021699,0,0,1,replayed_pf_result
44,9,1,13,1.00578019827046,0,0,1,replayed_pf_result
44,9,1,14,0.996234625957835,0,0,1,replayed_pf_result
44,9,1,15,0.989599743534259,0,0,1,replayed_pf_result
44,9,1,16,1.00184971493966,0,0,1,replayed_pf_result
44,9,1,17,1.00107643529997,0,0,1,replayed_pf_result
44,9,1,18,0.999129971115758,0,0,1,replayed_pf_result
44,9,1,19,1.03765629168379,0,0,1,replayed_pf_result
44,9,1,20,0.978597103048191,0,0,1,replayed_pf_result
44,9,1,21,0.993396699046051,0,0,1,replayed_pf_result
44,9,1,22,1.00364138924134,0,0,1,replayed_pf_result
44,9,1,23,0.996404218059868,0,0,1,replayed_pf_result
44,9,1,24,1.00476061265738,0,0,1,replayed_pf_result
44,9,1,25,1.0184668998551,0,0,1,replayed_pf_result
44,9,1,26,1.00866415883762,0,0,1,replayed_pf_result
44,9,1,27,0.999136414983709,0,0,1,replayed_pf_result
44,9,1,28,1.00920163272661,0,0,1,replayed_pf_result
44,9,1,29,1.01192214146705,0,0,1,replayed_pf_result
44,9,1,30,1,0,0,1,replayed_pf_result
44,9,1,31,1,0,0,1,replayed_pf_result
44,9,1,32,1,0,0,1,replayed_pf_result
44,9,1,33,1,0,0,1,replayed_pf_result
44,9,1,34,1,0,0,1,replayed_pf_result
44,9,1,35,1,0,0,1,replayed_pf_result
44,9,1,36,1,0,0,1,replayed_pf_result
44,9,1,37,1,0,0,1,replayed_pf_result
44,9,1,38,1,0,0,1,replayed_pf_result
44,9,1,39,1,0,0,1,replayed_pf_result
44,10,1,1,1.00294888096082,0,0,1,replayed_pf_result
44,10,1,2,1.010250220622,0,0,1,replayed_pf_result
44,10,1,3,0.999583281969419,0,0,1,replayed_pf_result
44,10,1,4,0.985985511079734,0,0,1,replayed_pf_result
44,10,1,5,0.993507046322044,0,0,1,replayed_pf_result
44,10,1,6,0.997595237939059,0,0,1,replayed_pf_result
44,10,1,7,0.985076061011393,0,0,1,replayed_pf_result
44,10,1,8,0.983393001922803,0,0,1,replayed_pf_result
44,10,1,9,1.01318380932876,0,0,1,replayed_pf_result
44,10,1,10,1.01165725325316,0,0,1,replayed_pf_result
44,10,1,11,1.00568655157713,0,0,1,replayed_pf_result
44,10,1,12,0.992172534021699,0,0,1,replayed_pf_result
44,10,1,13,1.00578019827046,0,0,1,replayed_pf_result
44,10,1,14,0.996234625957835,0,0,1,replayed_pf_result
44,10,1,15,0.989599743534259,0,0,1,replayed_pf_result
44,10,1,16,1.00184971493966,0,0,1,replayed_pf_result
44,10,1,17,1.00107643529997,0,0,1,replayed_pf_result
44,10,1,18,0.999129971115758,0,0,1,replayed_pf_result
44,10,1,19,1.03765629168379,0,0,1,replayed_pf_result
44,10,1,20,0.978597103048191,0,0,1,replayed_pf_result
44,10,1,21,0.993396699046051,0,0,1,replayed_pf_result
44,10,1,22,1.00364138924134,0,0,1,replayed_pf_result
44,10,1,23,0.996404218059868,0,0,1,replayed_pf_result
44,10,1,24,1.00476061265738,0,0,1,replayed_pf_result
44,10,1,25,1.0184668998551,0,0,1,replayed_pf_result
44,10,1,26,1.00866415883762,0,0,1,replayed_pf_result
44,10,1,27,0.999136414983709,0,0,1,replayed_pf_result
44,10,1,28,1.00920163272661,0,0,1,replayed_pf_result
44,10,1,29,1.01192214146705,0,0,1,replayed_pf_result
44,10,1,30,1,0,0,1,replayed_pf_result
44,10,1,31,1,0,0,1,replayed_pf_result
44,10,1,32,1,0,0,1,replayed_pf_result
44,10,1,33,1,0,0,1,replayed_pf_result
44,10,1,34,1,0,0,1,replayed_pf_result
44,10,1,35,1,0,0,1,replayed_pf_result
44,10,1,36,1,0,0,1,replayed_pf_result
44,10,1,37,1,0,0,1,replayed_pf_result
44,10,1,38,1,0,0,1,replayed_pf_result
44,10,1,39,1,0,0,1,replayed_pf_result
44,11,1,1,1.00294888096082,0,0,1,replayed_pf_result
44,11,1,2,1.010250220622,0,0,1,replayed_pf_result
44,11,1,3,0.999583281969419,0,0,1,replayed_pf_result
44,11,1,4,0.985985511079734,0,0,1,replayed_pf_result
44,11,1,5,0.993507046322044,0,0,1,replayed_pf_result
44,11,1,6,0.997595237939059,0,0,1,replayed_pf_result
44,11,1,7,0.985076061011393,0,0,1,replayed_pf_result
44,11,1,8,0.983393001922803,0,0,1,replayed_pf_result
44,11,1,9,1.01318380932876,0,0,1,replayed_pf_result
44,11,1,10,1.01165725325316,0,0,1,replayed_pf_result
44,11,1,11,1.00568655157713,0,0,1,replayed_pf_result
44,11,1,12,0.992172534021699,0,0,1,replayed_pf_result
44,11,1,13,1.00578019827046,0,0,1,replayed_pf_result
44,11,1,14,0.996234625957835,0,0,1,replayed_pf_result
44,11,1,15,0.989599743534259,0,0,1,replayed_pf_result
44,11,1,16,1.00184971493966,0,0,1,replayed_pf_result
44,11,1,17,1.00107643529997,0,0,1,replayed_pf_result
44,11,1,18,0.999129971115758,0,0,1,replayed_pf_result
44,11,1,19,1.03765629168379,0,0,1,replayed_pf_result
44,11,1,20,0.978597103048191,0,0,1,replayed_pf_result
44,11,1,21,0.993396699046051,0,0,1,replayed_pf_result
44,11,1,22,1.00364138924134,0,0,1,replayed_pf_result
44,11,1,23,0.996404218059868,0,0,1,replayed_pf_result
44,11,1,24,1.00476061265738,0,0,1,replayed_pf_result
44,11,1,25,1.0184668998551,0,0,1,replayed_pf_result
44,11,1,26,1.00866415883762,0,0,1,replayed_pf_result
44,11,1,27,0.999136414983709,0,0,1,replayed_pf_result
44,11,1,28,1.00920163272661,0,0,1,replayed_pf_result
44,11,1,29,1.01192214146705,0,0,1,replayed_pf_result
44,11,1,30,1,0,0,1,replayed_pf_result
44,11,1,31,1,0,0,1,replayed_pf_result
44,11,1,32,1,0,0,1,replayed_pf_result
44,11,1,33,1,0,0,1,replayed_pf_result
44,11,1,34,1,0,0,1,replayed_pf_result
44,11,1,35,1,0,0,1,replayed_pf_result
44,11,1,36,1,0,0,1,replayed_pf_result
44,11,1,37,1,0,0,1,replayed_pf_result
44,11,1,38,1,0,0,1,replayed_pf_result
44,11,1,39,1,0,0,1,replayed_pf_result
44,12,1,1,1.00294888096082,0,0,1,replayed_pf_result
44,12,1,2,1.010250220622,0,0,1,replayed_pf_result
44,12,1,3,0.999583281969419,0,0,1,replayed_pf_result
44,12,1,4,0.985985511079734,0,0,1,replayed_pf_result
44,12,1,5,0.993507046322044,0,0,1,replayed_pf_result
44,12,1,6,0.997595237939059,0,0,1,replayed_pf_result
44,12,1,7,0.985076061011393,0,0,1,replayed_pf_result
44,12,1,8,0.983393001922803,0,0,1,replayed_pf_result
44,12,1,9,1.01318380932876,0,0,1,replayed_pf_result
44,12,1,10,1.01165725325316,0,0,1,replayed_pf_result
44,12,1,11,1.00568655157713,0,0,1,replayed_pf_result
44,12,1,12,0.992172534021699,0,0,1,replayed_pf_result
44,12,1,13,1.00578019827046,0,0,1,replayed_pf_result
44,12,1,14,0.996234625957835,0,0,1,replayed_pf_result
44,12,1,15,0.989599743534259,0,0,1,replayed_pf_result
44,12,1,16,1.00184971493966,0,0,1,replayed_pf_result
44,12,1,17,1.00107643529997,0,0,1,replayed_pf_result
44,12,1,18,0.999129971115758,0,0,1,replayed_pf_result
44,12,1,19,1.03765629168379,0,0,1,replayed_pf_result
44,12,1,20,0.978597103048191,0,0,1,replayed_pf_result
44,12,1,21,0.993396699046051,0,0,1,replayed_pf_result
44,12,1,22,1.00364138924134,0,0,1,replayed_pf_result
44,12,1,23,0.996404218059868,0,0,1,replayed_pf_result
44,12,1,24,1.00476061265738,0,0,1,replayed_pf_result
44,12,1,25,1.0184668998551,0,0,1,replayed_pf_result
44,12,1,26,1.00866415883762,0,0,1,replayed_pf_result
44,12,1,27,0.999136414983709,0,0,1,replayed_pf_result
44,12,1,28,1.00920163272661,0,0,1,replayed_pf_result
44,12,1,29,1.01192214146705,0,0,1,replayed_pf_result
44,12,1,30,1,0,0,1,replayed_pf_result
44,12,1,31,1,0,0,1,replayed_pf_result
44,12,1,32,1,0,0,1,replayed_pf_result
44,12,1,33,1,0,0,1,replayed_pf_result
44,12,1,34,1,0,0,1,replayed_pf_result
44,12,1,35,1,0,0,1,replayed_pf_result
44,12,1,36,1,0,0,1,replayed_pf_result
44,12,1,37,1,0,0,1,replayed_pf_result
44,12,1,38,1,0,0,1,replayed_pf_result
44,12,1,39,1,0,0,1,replayed_pf_result
44,13,1,1,1.00294888096082,0,0,1,replayed_pf_result
44,13,1,2,1.010250220622,0,0,1,replayed_pf_result
44,13,1,3,0.999583281969419,0,0,1,replayed_pf_result
44,13,1,4,0.985985511079734,0,0,1,replayed_pf_result
44,13,1,5,0.993507046322044,0,0,1,replayed_pf_result
44,13,1,6,0.997595237939059,0,0,1,replayed_pf_result
44,13,1,7,0.985076061011393,0,0,1,replayed_pf_result
44,13,1,8,0.983393001922803,0,0,1,replayed_pf_result
44,13,1,9,1.01318380932876,0,0,1,replayed_pf_result
44,13,1,10,1.01165725325316,0,0,1,replayed_pf_result
44,13,1,11,1.00568655157713,0,0,1,replayed_pf_result
44,13,1,12,0.992172534021699,0,0,1,replayed_pf_result
44,13,1,13,1.00578019827046,0,0,1,replayed_pf_result
44,13,1,14,0.996234625957835,0,0,1,replayed_pf_result
44,13,1,15,0.989599743534259,0,0,1,replayed_pf_result
44,13,1,16,1.00184971493966,0,0,1,replayed_pf_result
44,13,1,17,1.00107643529997,0,0,1,replayed_pf_result
44,13,1,18,0.999129971115758,0,0,1,replayed_pf_result
44,13,1,19,1.03765629168379,0,0,1,replayed_pf_result
44,13,1,20,0.978597103048191,0,0,1,replayed_pf_result
44,13,1,21,0.993396699046051,0,0,1,replayed_pf_result
44,13,1,22,1.00364138924134,0,0,1,replayed_pf_result
44,13,1,23,0.996404218059868,0,0,1,replayed_pf_result
44,13,1,24,1.00476061265738,0,0,1,replayed_pf_result
44,13,1,25,1.0184668998551,0,0,1,replayed_pf_result
44,13,1,26,1.00866415883762,0,0,1,replayed_pf_result
44,13,1,27,0.999136414983709,0,0,1,replayed_pf_result
44,13,1,28,1.00920163272661,0,0,1,replayed_pf_result
44,13,1,29,1.01192214146705,0,0,1,replayed_pf_result
44,13,1,30,1,0,0,1,replayed_pf_result
44,13,1,31,1,0,0,1,replayed_pf_result
44,13,1,32,1,0,0,1,replayed_pf_result
44,13,1,33,1,0,0,1,replayed_pf_result
44,13,1,34,1,0,0,1,replayed_pf_result
44,13,1,35,1,0,0,1,replayed_pf_result
44,13,1,36,1,0,0,1,replayed_pf_result
44,13,1,37,1,0,0,1,replayed_pf_result
44,13,1,38,1,0,0,1,replayed_pf_result
44,13,1,39,1,0,0,1,replayed_pf_result
44,14,1,1,1.00294888096082,0,0,1,replayed_pf_result
44,14,1,2,1.010250220622,0,0,1,replayed_pf_result
44,14,1,3,0.999583281969419,0,0,1,replayed_pf_result
44,14,1,4,0.985985511079734,0,0,1,replayed_pf_result
44,14,1,5,0.993507046322044,0,0,1,replayed_pf_result
44,14,1,6,0.997595237939059,0,0,1,replayed_pf_result
44,14,1,7,0.985076061011393,0,0,1,replayed_pf_result
44,14,1,8,0.983393001922803,0,0,1,replayed_pf_result
44,14,1,9,1.01318380932876,0,0,1,replayed_pf_result
44,14,1,10,1.01165725325316,0,0,1,replayed_pf_result
44,14,1,11,1.00568655157713,0,0,1,replayed_pf_result
44,14,1,12,0.992172534021699,0,0,1,replayed_pf_result
44,14,1,13,1.00578019827046,0,0,1,replayed_pf_result
44,14,1,14,0.996234625957835,0,0,1,replayed_pf_result
44,14,1,15,0.989599743534259,0,0,1,replayed_pf_result
44,14,1,16,1.00184971493966,0,0,1,replayed_pf_result
44,14,1,17,1.00107643529997,0,0,1,replayed_pf_result
44,14,1,18,0.999129971115758,0,0,1,replayed_pf_result
44,14,1,19,1.03765629168379,0,0,1,replayed_pf_result
44,14,1,20,0.978597103048191,0,0,1,replayed_pf_result
44,14,1,21,0.993396699046051,0,0,1,replayed_pf_result
44,14,1,22,1.00364138924134,0,0,1,replayed_pf_result
44,14,1,23,0.996404218059868,0,0,1,replayed_pf_result
44,14,1,24,1.00476061265738,0,0,1,replayed_pf_result
44,14,1,25,1.0184668998551,0,0,1,replayed_pf_result
44,14,1,26,1.00866415883762,0,0,1,replayed_pf_result
44,14,1,27,0.999136414983709,0,0,1,replayed_pf_result
44,14,1,28,1.00920163272661,0,0,1,replayed_pf_result
44,14,1,29,1.01192214146705,0,0,1,replayed_pf_result
44,14,1,30,1,0,0,1,replayed_pf_result
44,14,1,31,1,0,0,1,replayed_pf_result
44,14,1,32,1,0,0,1,replayed_pf_result
44,14,1,33,1,0,0,1,replayed_pf_result
44,14,1,34,1,0,0,1,replayed_pf_result
44,14,1,35,1,0,0,1,replayed_pf_result
44,14,1,36,1,0,0,1,replayed_pf_result
44,14,1,37,1,0,0,1,replayed_pf_result
44,14,1,38,1,0,0,1,replayed_pf_result
44,14,1,39,1,0,0,1,replayed_pf_result
44,15,1,1,1.00294888096082,0,0,1,replayed_pf_result
44,15,1,2,1.010250220622,0,0,1,replayed_pf_result
44,15,1,3,0.999583281969419,0,0,1,replayed_pf_result
44,15,1,4,0.985985511079734,0,0,1,replayed_pf_result
44,15,1,5,0.993507046322044,0,0,1,replayed_pf_result
44,15,1,6,0.997595237939059,0,0,1,replayed_pf_result
44,15,1,7,0.985076061011393,0,0,1,replayed_pf_result
44,15,1,8,0.983393001922803,0,0,1,replayed_pf_result
44,15,1,9,1.01318380932876,0,0,1,replayed_pf_result
44,15,1,10,1.01165725325316,0,0,1,replayed_pf_result
44,15,1,11,1.00568655157713,0,0,1,replayed_pf_result
44,15,1,12,0.992172534021699,0,0,1,replayed_pf_result
44,15,1,13,1.00578019827046,0,0,1,replayed_pf_result
44,15,1,14,0.996234625957835,0,0,1,replayed_pf_result
44,15,1,15,0.989599743534259,0,0,1,replayed_pf_result
44,15,1,16,1.00184971493966,0,0,1,replayed_pf_result
44,15,1,17,1.00107643529997,0,0,1,replayed_pf_result
44,15,1,18,0.999129971115758,0,0,1,replayed_pf_result
44,15,1,19,1.03765629168379,0,0,1,replayed_pf_result
44,15,1,20,0.978597103048191,0,0,1,replayed_pf_result
44,15,1,21,0.993396699046051,0,0,1,replayed_pf_result
44,15,1,22,1.00364138924134,0,0,1,replayed_pf_result
44,15,1,23,0.996404218059868,0,0,1,replayed_pf_result
44,15,1,24,1.00476061265738,0,0,1,replayed_pf_result
44,15,1,25,1.0184668998551,0,0,1,replayed_pf_result
44,15,1,26,1.00866415883762,0,0,1,replayed_pf_result
44,15,1,27,0.999136414983709,0,0,1,replayed_pf_result
44,15,1,28,1.00920163272661,0,0,1,replayed_pf_result
44,15,1,29,1.01192214146705,0,0,1,replayed_pf_result
44,15,1,30,1,0,0,1,replayed_pf_result
44,15,1,31,1,0,0,1,replayed_pf_result
44,15,1,32,1,0,0,1,replayed_pf_result
44,15,1,33,1,0,0,1,replayed_pf_result
44,15,1,34,1,0,0,1,replayed_pf_result
44,15,1,35,1,0,0,1,replayed_pf_result
44,15,1,36,1,0,0,1,replayed_pf_result
44,15,1,37,1,0,0,1,replayed_pf_result
44,15,1,38,1,0,0,1,replayed_pf_result
44,15,1,39,1,0,0,1,replayed_pf_result
44,16,1,1,1.00294888096082,0,0,1,replayed_pf_result
44,16,1,2,1.010250220622,0,0,1,replayed_pf_result
44,16,1,3,0.999583281969419,0,0,1,replayed_pf_result
44,16,1,4,0.985985511079734,0,0,1,replayed_pf_result
44,16,1,5,0.993507046322044,0,0,1,replayed_pf_result
44,16,1,6,0.997595237939059,0,0,1,replayed_pf_result
44,16,1,7,0.985076061011393,0,0,1,replayed_pf_result
44,16,1,8,0.983393001922803,0,0,1,replayed_pf_result
44,16,1,9,1.01318380932876,0,0,1,replayed_pf_result
44,16,1,10,1.01165725325316,0,0,1,replayed_pf_result
44,16,1,11,1.00568655157713,0,0,1,replayed_pf_result
44,16,1,12,0.992172534021699,0,0,1,replayed_pf_result
44,16,1,13,1.00578019827046,0,0,1,replayed_pf_result
44,16,1,14,0.996234625957835,0,0,1,replayed_pf_result
44,16,1,15,0.989599743534259,0,0,1,replayed_pf_result
44,16,1,16,1.00184971493966,0,0,1,replayed_pf_result
44,16,1,17,1.00107643529997,0,0,1,replayed_pf_result
44,16,1,18,0.999129971115758,0,0,1,replayed_pf_result
44,16,1,19,1.03765629168379,0,0,1,replayed_pf_result
44,16,1,20,0.978597103048191,0,0,1,replayed_pf_result
44,16,1,21,0.993396699046051,0,0,1,replayed_pf_result
44,16,1,22,1.00364138924134,0,0,1,replayed_pf_result
44,16,1,23,0.996404218059868,0,0,1,replayed_pf_result
44,16,1,24,1.00476061265738,0,0,1,replayed_pf_result
44,16,1,25,1.0184668998551,0,0,1,replayed_pf_result
44,16,1,26,1.00866415883762,0,0,1,replayed_pf_result
44,16,1,27,0.999136414983709,0,0,1,replayed_pf_result
44,16,1,28,1.00920163272661,0,0,1,replayed_pf_result
44,16,1,29,1.01192214146705,0,0,1,replayed_pf_result
44,16,1,30,1,0,0,1,replayed_pf_result
44,16,1,31,1,0,0,1,replayed_pf_result
44,16,1,32,1,0,0,1,replayed_pf_result
44,16,1,33,1,0,0,1,replayed_pf_result
44,16,1,34,1,0,0,1,replayed_pf_result
44,16,1,35,1,0,0,1,replayed_pf_result
44,16,1,36,1,0,0,1,replayed_pf_result
44,16,1,37,1,0,0,1,replayed_pf_result
44,16,1,38,1,0,0,1,replayed_pf_result
44,16,1,39,1,0,0,1,replayed_pf_result
44,17,1,1,1.00294888096082,0,0,1,replayed_pf_result
44,17,1,2,1.010250220622,0,0,1,replayed_pf_result
44,17,1,3,0.999583281969419,0,0,1,replayed_pf_result
44,17,1,4,0.985985511079734,0,0,1,replayed_pf_result
44,17,1,5,0.993507046322044,0,0,1,replayed_pf_result
44,17,1,6,0.997595237939059,0,0,1,replayed_pf_result
44,17,1,7,0.985076061011393,0,0,1,replayed_pf_result
44,17,1,8,0.983393001922803,0,0,1,replayed_pf_result
44,17,1,9,1.01318380932876,0,0,1,replayed_pf_result
44,17,1,10,1.01165725325316,0,0,1,replayed_pf_result
44,17,1,11,1.00568655157713,0,0,1,replayed_pf_result
44,17,1,12,0.992172534021699,0,0,1,replayed_pf_result
44,17,1,13,1.00578019827046,0,0,1,replayed_pf_result
44,17,1,14,0.996234625957835,0,0,1,replayed_pf_result
44,17,1,15,0.989599743534259,0,0,1,replayed_pf_result
44,17,1,16,1.00184971493966,0,0,1,replayed_pf_result
44,17,1,17,1.00107643529997,0,0,1,replayed_pf_result
44,17,1,18,0.999129971115758,0,0,1,replayed_pf_result
44,17,1,19,1.03765629168379,0,0,1,replayed_pf_result
44,17,1,20,0.978597103048191,0,0,1,replayed_pf_result
44,17,1,21,0.993396699046051,0,0,1,replayed_pf_result
44,17,1,22,1.00364138924134,0,0,1,replayed_pf_result
44,17,1,23,0.996404218059868,0,0,1,replayed_pf_result
44,17,1,24,1.00476061265738,0,0,1,replayed_pf_result
44,17,1,25,1.0184668998551,0,0,1,replayed_pf_result
44,17,1,26,1.00866415883762,0,0,1,replayed_pf_result
44,17,1,27,0.999136414983709,0,0,1,replayed_pf_result
44,17,1,28,1.00920163272661,0,0,1,replayed_pf_result
44,17,1,29,1.01192214146705,0,0,1,replayed_pf_result
44,17,1,30,1,0,0,1,replayed_pf_result
44,17,1,31,1,0,0,1,replayed_pf_result
44,17,1,32,1,0,0,1,replayed_pf_result
44,17,1,33,1,0,0,1,replayed_pf_result
44,17,1,34,1,0,0,1,replayed_pf_result
44,17,1,35,1,0,0,1,replayed_pf_result
44,17,1,36,1,0,0,1,replayed_pf_result
44,17,1,37,1,0,0,1,replayed_pf_result
44,17,1,38,1,0,0,1,replayed_pf_result
44,17,1,39,1,0,0,1,replayed_pf_result
44,18,1,1,1.00294888096082,0,0,1,replayed_pf_result
44,18,1,2,1.010250220622,0,0,1,replayed_pf_result
44,18,1,3,0.999583281969419,0,0,1,replayed_pf_result
44,18,1,4,0.985985511079734,0,0,1,replayed_pf_result
44,18,1,5,0.993507046322044,0,0,1,replayed_pf_result
44,18,1,6,0.997595237939059,0,0,1,replayed_pf_result
44,18,1,7,0.985076061011393,0,0,1,replayed_pf_result
44,18,1,8,0.983393001922803,0,0,1,replayed_pf_result
44,18,1,9,1.01318380932876,0,0,1,replayed_pf_result
44,18,1,10,1.01165725325316,0,0,1,replayed_pf_result
44,18,1,11,1.00568655157713,0,0,1,replayed_pf_result
44,18,1,12,0.992172534021699,0,0,1,replayed_pf_result
44,18,1,13,1.00578019827046,0,0,1,replayed_pf_result
44,18,1,14,0.996234625957835,0,0,1,replayed_pf_result
44,18,1,15,0.989599743534259,0,0,1,replayed_pf_result
44,18,1,16,1.00184971493966,0,0,1,replayed_pf_result
44,18,1,17,1.00107643529997,0,0,1,replayed_pf_result
44,18,1,18,0.999129971115758,0,0,1,replayed_pf_result
44,18,1,19,1.03765629168379,0,0,1,replayed_pf_result
44,18,1,20,0.978597103048191,0,0,1,replayed_pf_result
44,18,1,21,0.993396699046051,0,0,1,replayed_pf_result
44,18,1,22,1.00364138924134,0,0,1,replayed_pf_result
44,18,1,23,0.996404218059868,0,0,1,replayed_pf_result
44,18,1,24,1.00476061265738,0,0,1,replayed_pf_result
44,18,1,25,1.0184668998551,0,0,1,replayed_pf_result
44,18,1,26,1.00866415883762,0,0,1,replayed_pf_result
44,18,1,27,0.999136414983709,0,0,1,replayed_pf_result
44,18,1,28,1.00920163272661,0,0,1,replayed_pf_result
44,18,1,29,1.01192214146705,0,0,1,replayed_pf_result
44,18,1,30,1,0,0,1,replayed_pf_result
44,18,1,31,1,0,0,1,replayed_pf_result
44,18,1,32,1,0,0,1,replayed_pf_result
44,18,1,33,1,0,0,1,replayed_pf_result
44,18,1,34,1,0,0,1,replayed_pf_result
44,18,1,35,1,0,0,1,replayed_pf_result
44,18,1,36,1,0,0,1,replayed_pf_result
44,18,1,37,1,0,0,1,replayed_pf_result
44,18,1,38,1,0,0,1,replayed_pf_result
44,18,1,39,1,0,0,1,replayed_pf_result
44,19,1,1,1.00294888096082,0,0,1,replayed_pf_result
44,19,1,2,1.010250220622,0,0,1,replayed_pf_result
44,19,1,3,0.999583281969419,0,0,1,replayed_pf_result
44,19,1,4,0.985985511079734,0,0,1,replayed_pf_result
44,19,1,5,0.993507046322044,0,0,1,replayed_pf_result
44,19,1,6,0.997595237939059,0,0,1,replayed_pf_result
44,19,1,7,0.985076061011393,0,0,1,replayed_pf_result
44,19,1,8,0.983393001922803,0,0,1,replayed_pf_result
44,19,1,9,1.01318380932876,0,0,1,replayed_pf_result
44,19,1,10,1.01165725325316,0,0,1,replayed_pf_result
44,19,1,11,1.00568655157713,0,0,1,replayed_pf_result
44,19,1,12,0.992172534021699,0,0,1,replayed_pf_result
44,19,1,13,1.00578019827046,0,0,1,replayed_pf_result
44,19,1,14,0.996234625957835,0,0,1,replayed_pf_result
44,19,1,15,0.989599743534259,0,0,1,replayed_pf_result
44,19,1,16,1.00184971493966,0,0,1,replayed_pf_result
44,19,1,17,1.00107643529997,0,0,1,replayed_pf_result
44,19,1,18,0.999129971115758,0,0,1,replayed_pf_result
44,19,1,19,1.03765629168379,0,0,1,replayed_pf_result
44,19,1,20,0.978597103048191,0,0,1,replayed_pf_result
44,19,1,21,0.993396699046051,0,0,1,replayed_pf_result
44,19,1,22,1.00364138924134,0,0,1,replayed_pf_result
44,19,1,23,0.996404218059868,0,0,1,replayed_pf_result
44,19,1,24,1.00476061265738,0,0,1,replayed_pf_result
44,19,1,25,1.0184668998551,0,0,1,replayed_pf_result
44,19,1,26,1.00866415883762,0,0,1,replayed_pf_result
44,19,1,27,0.999136414983709,0,0,1,replayed_pf_result
44,19,1,28,1.00920163272661,0,0,1,replayed_pf_result
44,19,1,29,1.01192214146705,0,0,1,replayed_pf_result
44,19,1,30,1,0,0,1,replayed_pf_result
44,19,1,31,1,0,0,1,replayed_pf_result
44,19,1,32,1,0,0,1,replayed_pf_result
44,19,1,33,1,0,0,1,replayed_pf_result
44,19,1,34,1,0,0,1,replayed_pf_result
44,19,1,35,1,0,0,1,replayed_pf_result
44,19,1,36,1,0,0,1,replayed_pf_result
44,19,1,37,1,0,0,1,replayed_pf_result
44,19,1,38,1,0,0,1,replayed_pf_result
44,19,1,39,1,0,0,1,replayed_pf_result
44,20,1,1,1.00294888096082,0,0,1,replayed_pf_result
44,20,1,2,1.010250220622,0,0,1,replayed_pf_result
44,20,1,3,0.999583281969419,0,0,1,replayed_pf_result
44,20,1,4,0.985985511079734,0,0,1,replayed_pf_result
44,20,1,5,0.993507046322044,0,0,1,replayed_pf_result
44,20,1,6,0.997595237939059,0,0,1,replayed_pf_result
44,20,1,7,0.985076061011393,0,0,1,replayed_pf_result
44,20,1,8,0.983393001922803,0,0,1,replayed_pf_result
44,20,1,9,1.01318380932876,0,0,1,replayed_pf_result
44,20,1,10,1.01165725325316,0,0,1,replayed_pf_result
44,20,1,11,1.00568655157713,0,0,1,replayed_pf_result
44,20,1,12,0.992172534021699,0,0,1,replayed_pf_result
44,20,1,13,1.00578019827046,0,0,1,replayed_pf_result
44,20,1,14,0.996234625957835,0,0,1,replayed_pf_result
44,20,1,15,0.989599743534259,0,0,1,replayed_pf_result
44,20,1,16,1.00184971493966,0,0,1,replayed_pf_result
44,20,1,17,1.00107643529997,0,0,1,replayed_pf_result
44,20,1,18,0.999129971115758,0,0,1,replayed_pf_result
44,20,1,19,1.03765629168379,0,0,1,replayed_pf_result
44,20,1,20,0.978597103048191,0,0,1,replayed_pf_result
44,20,1,21,0.993396699046051,0,0,1,replayed_pf_result
44,20,1,22,1.00364138924134,0,0,1,replayed_pf_result
44,20,1,23,0.996404218059868,0,0,1,replayed_pf_result
44,20,1,24,1.00476061265738,0,0,1,replayed_pf_result
44,20,1,25,1.0184668998551,0,0,1,replayed_pf_result
44,20,1,26,1.00866415883762,0,0,1,replayed_pf_result
44,20,1,27,0.999136414983709,0,0,1,replayed_pf_result
44,20,1,28,1.00920163272661,0,0,1,replayed_pf_result
44,20,1,29,1.01192214146705,0,0,1,replayed_pf_result
44,20,1,30,1,0,0,1,replayed_pf_result
44,20,1,31,1,0,0,1,replayed_pf_result
44,20,1,32,1,0,0,1,replayed_pf_result
44,20,1,33,1,0,0,1,replayed_pf_result
44,20,1,34,1,0,0,1,replayed_pf_result
44,20,1,35,1,0,0,1,replayed_pf_result
44,20,1,36,1,0,0,1,replayed_pf_result
44,20,1,37,1,0,0,1,replayed_pf_result
44,20,1,38,1,0,0,1,replayed_pf_result
44,20,1,39,1,0,0,1,replayed_pf_result
45,1,1,1,1.00284251261966,0,0,1,replayed_pf_result
45,1,1,2,1.00988655971662,0,0,1,replayed_pf_result
45,1,1,3,0.9990867329849,0,0,1,replayed_pf_result
45,1,1,4,0.985556808710429,0,0,1,replayed_pf_result
45,1,1,5,0.993123227789542,0,0,1,replayed_pf_result
45,1,1,6,0.99722329899215,0,0,1,replayed_pf_result
45,1,1,7,0.984706812855752,0,0,1,replayed_pf_result
45,1,1,8,0.983029405489509,0,0,1,replayed_pf_result
45,1,1,9,1.01301400702158,0,0,1,replayed_pf_result
45,1,1,10,1.01135477648211,0,0,1,replayed_pf_result
45,1,1,11,1.00536133453412,0,0,1,replayed_pf_result
45,1,1,12,0.99183320041453,0,0,1,replayed_pf_result
45,1,1,13,1.0054444781826,0,0,1,replayed_pf_result
45,1,1,14,0.995833325395402,0,0,1,replayed_pf_result
45,1,1,15,0.989140067288278,0,0,1,replayed_pf_result
45,1,1,16,1.00137175830755,0,0,1,replayed_pf_result
45,1,1,17,1.00029623452504,0,0,1,replayed_pf_result
45,1,1,18,0.998456765989505,0,0,1,replayed_pf_result
45,1,1,19,1.03748055050832,0,0,1,replayed_pf_result
45,1,1,20,0.97850115486088,0,0,1,replayed_pf_result
45,1,1,21,0.993059649437557,0,0,1,replayed_pf_result
45,1,1,22,1.00346068943672,0,0,1,replayed_pf_result
45,1,1,23,0.996217064084626,0,0,1,replayed_pf_result
45,1,1,24,1.00432489401198,0,0,1,replayed_pf_result
45,1,1,25,1.0177521877863,0,0,1,replayed_pf_result
45,1,1,26,1.00643726170769,0,0,1,replayed_pf_result
45,1,1,27,0.997567029835122,0,0,1,replayed_pf_result
45,1,1,28,0.998097030499235,0,0,1,replayed_pf_result
45,1,1,29,1.01310171673781,0,0,1,replayed_pf_result
45,1,1,30,1,0,0,1,replayed_pf_result
45,1,1,31,1,0,0,1,replayed_pf_result
45,1,1,32,1,0,0,1,replayed_pf_result
45,1,1,33,1,0,0,1,replayed_pf_result
45,1,1,34,1,0,0,1,replayed_pf_result
45,1,1,35,1,0,0,1,replayed_pf_result
45,1,1,36,1,0,0,1,replayed_pf_result
45,1,1,37,1,0,0,1,replayed_pf_result
45,1,1,38,1,0,0,1,replayed_pf_result
45,1,1,39,1,0,0,1,replayed_pf_result
45,2,1,1,1.00284251261966,0,0,1,replayed_pf_result
45,2,1,2,1.00988655971662,0,0,1,replayed_pf_result
